6.522069638516102552e-01
1.652206963851610144e+00
2.652206963851610144e+00
3.652206963851610144e+00
4.652206963851609700e+00
5.652206963851609700e+00
6.652206963851609700e+00
7.652206963851609700e+00
8.652206963851609700e+00
9.652206963851609700e+00
9.067187603866608825e+00
8.283113052292648604e+00
7.665951405500509352e+00
7.180237617220540436e+00
6.798033598318516724e+00
6.497330793846840535e+00
6.260791776075266490e+00
6.074758905218789806e+00
5.928473378935384730e+00
5.813460020454623844e+00
5.723042631155128568e+00
5.651962198313466246e+00
5.596076129398965371e+00
5.552121316908531057e+00
5.517527487189244795e+00
5.490270161638138191e+00
5.468754823470553639e+00
5.451725667398648056e+00
5.438193715067416889e+00
5.427380186315232891e+00
5.418671888563938666e+00
5.411586073769237615e+00
5.405742753661277433e+00
5.400842890426370779e+00
5.396651215903778720e+00
5.392982697002656423e+00
5.389691873513572595e+00
5.386664458715543446e+00
5.383810722552813566e+00
5.381060279072400476e+00
5.378357980100669344e+00
5.375660680385541568e+00
5.372934689255981056e+00
5.370153763101548350e+00
5.367297523895584455e+00
5.364350213344245333e+00
5.361299711432703674e+00
5.358136763256426960e+00
5.354854369933985225e+00
5.351447308778966239e+00
5.347911755298889958e+00
5.344244985410742999e+00
5.340445140849182870e+00
5.336511044356303302e+00
5.332442054088055272e+00
5.328237948914656741e+00
5.323898838058499727e+00
5.319425089904619597e+00
5.314817275914872852e+00
5.310076126440521627e+00
5.305202495908156735e+00
5.300197335389774445e+00
5.295061670990001801e+00
5.289796586815978863e+00
5.284403211557484603e+00
5.278882707911148664e+00
5.273236264245288574e+00
5.267465088029931408e+00
5.261570400657492819e+00
5.255553433359072102e+00
5.249415423983927020e+00
5.243157614459028615e+00
5.236781248784479814e+00
5.230287571451111894e+00
5.223677826190794349e+00
5.216953254988903055e+00
5.210115097303431142e+00
5.203164589446922506e+00
5.196102964096809274e+00
5.188931449906954541e+00
5.181651271199014808e+00
5.174263647716771608e+00
5.166769794430131846e+00
5.159170921378371411e+00
5.151468233544334474e+00
5.143662930753132301e+00
5.135756207590204347e+00
5.127749253334713764e+00
5.119643251905111825e+00
5.111439381814355087e+00
5.103138816132812394e+00
5.094742722457293205e+00
5.086252262884995545e+00
5.077668593991393031e+00
5.068992866811291798e+00
5.060226226822479134e+00
5.051369813931470887e+00
5.042424762460989029e+00
5.033392201138886968e+00
5.024273253088267666e+00
5.015069035818627619e+00
5.005780661217873018e+00
4.996409235545104188e+00
4.986955859424046622e+00
4.977421627837105511e+00
4.967807630119931872e+00
4.958114949956496709e+00
4.948344665374614593e+00
4.938497848741889129e+00
4.928575566762059879e+00
4.918578880471734749e+00
4.908508845237484763e+00
4.898366510753286995e+00
4.888152921038323662e+00
4.877869114435089415e+00
4.867516123607846801e+00
4.857094975541388138e+00
4.846606691540107370e+00
4.836052287227383673e+00
4.825432772545266147e+00
4.814749151754451617e+00
4.804002423434571512e+00
4.793193580484746974e+00
4.782323610124448621e+00
4.771393493894630744e+00
4.760404207659153286e+00
4.749356721606475595e+00
4.738252000251627294e+00
4.727091002438450928e+00
4.715874681342119956e+00
4.704603984471909861e+00
4.693279853674243718e+00
4.681903225135996216e+00
4.670475029388062360e+00
4.658996191309165091e+00
4.647467630129940908e+00
4.635890259437247529e+00
4.624264987178754005e+00
4.612592715667744869e+00
4.600874341588185423e+00
4.589110756000024161e+00
4.577302844344731447e+00
4.565451486451084229e+00
4.553557556541163898e+00
4.541621923236606406e+00
4.529645449565068205e+00
4.517628992966925772e+00
4.505573405302190082e+00
4.493479532857653780e+00
4.481348216354251512e+00
4.469180290954635204e+00
4.456976586270964269e+00
4.444737926372916093e+00
4.432465129795891023e+00
4.420159009549440299e+00
4.407820373125884927e+00
4.395450022509154842e+00
4.383048754183807461e+00
4.370617359144261194e+00
4.358156622904215460e+00
4.345667325506269663e+00
4.333150241531728675e+00
4.320606140110601956e+00
4.308035784931788292e+00
4.295439934253444392e+00
4.282819340913535555e+00
4.270174752340567537e+00
4.257506910564495151e+00
4.244816552227811179e+00
4.232104408596797818e+00
4.219371205572968186e+00
4.206617663704657950e+00
4.193844498198799897e+00
4.181052418932849513e+00
4.168242130466888185e+00
4.155414332055876514e+00
4.142569717662066608e+00
4.129708975967579576e+00
4.116832790387134011e+00
4.103941839080921028e+00
4.091036794967637391e+00
4.078118325737663419e+00
4.065187093866393653e+00
4.052243756627703419e+00
4.039288966107555723e+00
4.026323369217768899e+00
4.013347607709894405e+00
4.000362318189255362e+00
3.987368132129105014e+00
3.974365675884925508e+00
3.961355570708855467e+00
3.948338432764236572e+00
3.935314873140310254e+00
3.922285497867016524e+00
3.909250907929928243e+00
3.896211699285302199e+00
3.883168462875246529e+00
3.870121784643020035e+00
3.857072245548427425e+00
3.844020421583340230e+00
3.830966883787330968e+00
3.817912198263408552e+00
3.804856926193874056e+00
3.791801623856270176e+00
3.778746842639447934e+00
3.765693129059723532e+00
3.752641024777151557e+00
3.739591066611886561e+00
3.726543786560633897e+00
3.713499711813229354e+00
3.700459364769278281e+00
3.687423263054902201e+00
3.674391919539580442e+00
3.661365842353069944e+00
3.648345534902420084e+00
3.635331495889076336e+00
3.622324219326057637e+00
3.609324194555228793e+00
3.596331906264643941e+00
3.583347834505970830e+00
3.570372454711999488e+00
3.557406237714220154e+00
3.544449649760482046e+00
3.531503152532716072e+00
3.518567203164741031e+00
3.505642254260126656e+00
3.492728753910133044e+00
3.479827145711716696e+00
3.466937868785604948e+00
3.454061357794418363e+00
3.441198042960876613e+00
3.428348350086047880e+00
3.415512700567677307e+00
3.402691511418538539e+00
3.389885195284889186e+00
3.377094160464937822e+00
3.364318810927392711e+00
3.351559546330042494e+00
3.338816762038410602e+00
3.326090849144430983e+00
3.313382194485195775e+00
3.300691180661739388e+00
3.288018186057868775e+00
3.275363584859028343e+00
3.262727747071222595e+00
3.250111038539970743e+00
3.237513820969307510e+00
3.224936451940811466e+00
3.212379284932673329e+00
3.199842669338816670e+00
3.187326950488023947e+00
3.174832469663120271e+00
3.162359564120175826e+00
3.149908567107746471e+00
3.137479807886137451e+00
3.125073611746695512e+00
3.112690300031129453e+00
3.100330190150864418e+00
3.087993595606407737e+00
3.075680826006736091e+00
3.063392187088720853e+00
3.051127980736564105e+00
3.038888505001247964e+00
3.026674054120017665e+00
3.014484918535869085e+00
3.002321384917050473e+00
2.990183736176603269e+00
2.978072251491880706e+00
2.965987206324104619e+00
2.953928872437924902e+00
2.941897517920995853e+00
2.929893407203554290e+00
2.917916801078001665e+00
2.905967956718511047e+00
2.894047127700623001e+00
2.882154564020861010e+00
2.870290512116336235e+00
2.858455214884362050e+00
2.846648911702075679e+00
2.834871838446053616e+00
2.823124227511930151e+00
2.811406307834016793e+00
2.799718304904908805e+00
2.788060440795105066e+00
2.776432934172615496e+00
2.764836000322560494e+00
2.753269851166773030e+00
2.741734695283382983e+00
2.730230737926406359e+00
2.718758181045313638e+00
2.707317223304599008e+00
2.695908060103328729e+00
2.684530883594688166e+00
2.673185882705507943e+00
2.661873243155788771e+00
2.650593147478196521e+00
2.639345775037553299e+00
2.628131302050308982e+00
2.616949901603998985e+00
2.605801743676680715e+00
2.594686995156352260e+00
2.583605819860357311e+00
2.572558378554758995e+00
2.561544828973710164e+00
2.550565325838786812e+00
2.539620020878298856e+00
2.528709062846591138e+00
2.517832597543311124e+00
2.506990767832653511e+00
2.496183713662576853e+00
2.485411572084001097e+00
2.474674477269969142e+00
2.463972560534789302e+00
2.453305950353147136e+00
2.442674772379182180e+00
2.432079149465540269e+00
2.421519201682396094e+00
2.410995046336446457e+00
2.400506797989862218e+00
2.390054568479217600e+00
2.379638466934380414e+00
2.369258599797376075e+00
2.358915070841205441e+00
2.348607981188637339e+00
2.338337429330960671e+00
2.328103511146700555e+00
2.317906319920299385e+00
2.307745946360760136e+00
2.297622478620247932e+00
2.287536002312658301e+00
2.277486600532138805e+00
2.267474353871578696e+00
2.257499340441051938e+00
2.247561635886222486e+00
2.237661313406703822e+00
2.227798443774380743e+00
2.217973095351687629e+00
2.208185334109838305e+00
2.198435223647021708e+00
2.188722825206545597e+00
2.179048197694932298e+00
2.169411397699978483e+00
2.159812479508762095e+00
2.150251495125607093e+00
2.140728494289994899e+00
2.131243524494439878e+00
2.121796631002300426e+00
2.112387856865559410e+00
2.103017242942537113e+00
2.093684827915579305e+00
2.084390648308667160e+00
2.075134738504997856e+00
2.065917130764507892e+00
2.056737855241342672e+00
2.047596940001276788e+00
2.038494411039085019e+00
2.029430292295859140e+00
2.020404605676264786e+00
2.011417371065762794e+00
2.002468606347752367e+00
1.993558327420687171e+00
1.984686548215118584e+00
1.975853280710683446e+00
1.967058534953053606e+00
1.958302319070812203e+00
1.949584639292282873e+00
1.940905499962304770e+00
1.932264903558940539e+00
1.923662850710143424e+00
1.915099340210352885e+00
1.906574369037036920e+00
1.898087932367184649e+00
1.889640023593726958e+00
1.881230634341911845e+00
1.872859754485611816e+00
1.864527372163576224e+00
1.856233473795625866e+00
1.847978044098782746e+00
1.839761066103344334e+00
1.831582521168903188e+00
1.823442389000285324e+00
1.815340647663458373e+00
1.807277273601347822e+00
1.799252241649620387e+00
1.791265525052384344e+00
1.783317095477837011e+00
1.775406923033850948e+00
1.767534976283498427e+00
1.759701222260511067e+00
1.751905626484676848e+00
1.744148152977173627e+00
1.736428764275849801e+00
1.728747421450424149e+00
1.721104084117630162e+00
1.713498710456309304e+00
1.705931257222422559e+00
1.698401679764000693e+00
1.690909932036043450e+00
1.683455966615337029e+00
1.676039734715220497e+00
1.668661186200282476e+00
1.661320269600994770e+00
1.654016932128271833e+00
1.646751119687979603e+00
1.639522776895373291e+00
1.632331847089464549e+00
1.625178272347326480e+00
1.618061993498336903e+00
1.610982950138350134e+00
1.603941080643809691e+00
1.596936322185786405e+00
1.589968610743955679e+00
1.583037881120508139e+00
1.576144066953994116e+00
1.569287100733094409e+00
1.562466913810342195e+00
1.555683436415756127e+00
1.548936597670423687e+00
1.542226325600010384e+00
1.535552547148200553e+00
1.528915188190079988e+00
1.522314173545434191e+00
1.515749426992006654e+00
1.509220871278655007e+00
1.502728428138475625e+00
1.496272018301834983e+00
1.489851561509345945e+00
1.483466976524770775e+00
1.477118181147859755e+00
1.470805092227130295e+00
1.464527625672557232e+00
1.458285696468218262e+00
1.452079218684857231e+00
1.445908105492387907e+00
1.439772269172321817e+00
1.433671621130139684e+00
1.427606071907587371e+00
1.421575531194900766e+00
1.415579907842976493e+00
1.409619109875458243e+00
1.403693044500772036e+00
1.397801618124077994e+00
1.391944736359162604e+00
1.386122304040270148e+00
1.380334225233852408e+00
1.374580403250256655e+00
1.368860740655350128e+00
1.363175139282073456e+00
1.357523500241921477e+00
1.351905723936365433e+00
1.346321710068205668e+00
1.340771357652853268e+00
1.335254565029544427e+00
1.329771229872491745e+00
1.324321249201961148e+00
1.318904519395288411e+00
1.313520936197829503e+00
1.308170394733834563e+00
1.302852789517261023e+00
1.297568014462521679e+00
1.292315962895165260e+00
1.287096527562478165e+00
1.281909600644037805e+00
1.276755073762187109e+00
1.271632837992447307e+00
1.266542783873859213e+00
1.261484801419267443e+00
1.256458780125519148e+00
1.251464608983624105e+00
1.246502176488821556e+00
1.241571370650600414e+00
1.236672079002638869e+00
1.231804188612691142e+00
1.226967586092398754e+00
1.222162157607038058e+00
1.217387788885202937e+00
1.212644365228423782e+00
1.207931771520718733e+00
1.203249892238079211e+00
1.198598611457891927e+00
1.193977812868289190e+00
1.189387379777446352e+00
1.184827195122808208e+00
1.180297141480242562e+00
1.175797101073140949e+00
1.171326955781452517e+00
1.166886587150647081e+00
1.162475876400616670e+00
1.158094704434519784e+00
1.153742951847550824e+00
1.149420498935652679e+00
1.145127225704164919e+00
1.140863011876407818e+00
1.136627736902196872e+00
1.132421279966302485e+00
1.128243519996844135e+00
1.124094335673616829e+00
1.119973605436364261e+00
1.115881207492978699e+00
1.111817019827641584e+00
1.107780920208906394e+00
1.103772786197714240e+00
1.099792495155349492e+00
1.095839924251330810e+00
1.091914950471245316e+00
1.088017450624515270e+00
1.084147301352108794e+00
1.080304379134179760e+00
1.076488560297664598e+00
1.072699721023798736e+00
1.068937737355578399e+00
1.065202485205172023e+00
1.061493840361258156e+00
1.057811678496305419e+00
1.054155875173798051e+00
1.050526305855398634e+00
1.046922845908047517e+00
1.043345370611009626e+00
1.039793755162855993e+00
1.036267874688389545e+00
1.032767604245505177e+00
1.029292818832000522e+00
1.025843393392328995e+00
1.022419202824279783e+00
1.019020121985616978e+00
1.015646025700643662e+00
1.012296788766725353e+00
1.008972285960744397e+00
1.005672392045502406e+00
1.002396981776059182e+00
9.991459299060201360e-01
9.959191111937681917e-01
9.927164004086281857e-01
9.895376723369924132e-01
9.863828017883753407e-01
9.832516636014123623e-01
9.801441326498154805e-01
9.770600838482609296e-01
9.739993921582236203e-01
9.709619325937641765e-01
9.679475802272481388e-01
9.649562101950241999e-01
9.619876977030302756e-01
9.590419180323689341e-01
9.561187465448029998e-01
9.532180586882217366e-01
9.503397300020258731e-01
9.474836361224913128e-01
9.446496527880487992e-01
9.418376558445300528e-01
9.390475212503555102e-01
9.362791250816648869e-01
9.335323435374009993e-01
9.308070529443436270e-01
9.281031297620797593e-01
9.254204505879366494e-01
9.227588921618528062e-01
9.201183313711949197e-01
9.174986452555445871e-01
9.148997110114032161e-01
9.123214059968711709e-01
9.097636077362664109e-01
9.072261939246878404e-01
9.047090424325472391e-01
9.022120313100224775e-01
8.997350387914896386e-01
8.972779432998905236e-01
8.948406234510527524e-01
8.924229580579586818e-01
8.900248261349756884e-01
8.876461069020276096e-01
8.852866797887218864e-01
8.829464244384348515e-01
8.806252207123301812e-01
8.783229486933562535e-01
8.760394886901723410e-01
8.737747212410439390e-01
8.715285271176815840e-01
8.693007873290409249e-01
8.670913831250710579e-01
8.649001960004092382e-01
8.627271076980539410e-01
8.605720002129639834e-01
8.584347557956273356e-01
8.563152569555853022e-01
8.542133864649077424e-01
8.521290273616242139e-01
8.500620629531052685e-01
8.480123768194112177e-01
8.459798528165913822e-01
8.439643750799297184e-01
8.419658280271674622e-01
8.399840963616599376e-01
8.380190650755076076e-01
8.360706194526353885e-01
8.341386450718286660e-01
8.322230278097344502e-01
8.303236538438154568e-01
8.284404096552546726e-01
8.265731820318357181e-01
8.247218580707644797e-01
8.228863251814563240e-01
8.210664710882927819e-01
8.192621838333133955e-01
8.174733517788894677e-01
8.156998636103452993e-01
8.139416083385480061e-01
8.121984753024455994e-01
8.104703541715788662e-01
8.087571349485366268e-01
8.070587079713970047e-01
8.053749639160993068e-01
8.037057937988083545e-01
8.020510889782124231e-01
8.004107411578043063e-01
7.987846423881075353e-01
7.971726850688829469e-01
7.955747619512741897e-01
7.939907661399397965e-01
7.924205910951389598e-01
7.908641306347665711e-01
7.893212789363803772e-01
7.877919305391611893e-01
7.862759803458612140e-01
7.847733236247000921e-01
7.832838560112391768e-01
7.818074735102007455e-01
7.803440724972784404e-01
7.788935497208907544e-01
7.774558023039033205e-01
7.760307277453276642e-01
7.746182239219736587e-01
7.732181890900795551e-01
7.718305218868946049e-01
7.704551213322381464e-01
7.690918868300204991e-01
7.677407181697292193e-01
7.664015155278922631e-01
7.650741794694984055e-01
7.637586109493837982e-01
7.624547113135947685e-01
7.611623823007135359e-01
7.598815260431559526e-01
7.586120450684283867e-01
7.573538423003635112e-01
7.561068210603189010e-01
7.548708850683484295e-01
7.536459384443409126e-01
7.524318857091243373e-01
7.512286317855475515e-01
7.500360819995309791e-01
7.488541420810783666e-01
7.476827181652694332e-01
7.465217167932146625e-01
7.453710449129936633e-01
7.442306098805440140e-01
7.431003194605412254e-01
7.419800818272438425e-01
7.408698055653051284e-01
7.397693996705563269e-01
7.386787735507736041e-01
7.375978370264061335e-01
7.365265003312790881e-01
7.354646741132732091e-01
7.344122694349721758e-01
7.333691977742827772e-01
7.323353710250407600e-01
7.313107014975711584e-01
7.302951019192374105e-01
7.292884854349587220e-01
7.282907656076986758e-01
7.273018564189336344e-01
7.263216722690949423e-01
7.253501279779841493e-01
7.243871387851648080e-01
7.234326203503254060e-01
7.224864887536289748e-01
7.215486604960217321e-01
7.206190524995298441e-01
7.196975821075283219e-01
7.187841670849890452e-01
7.178787256187034727e-01
7.169811763174763763e-01
7.160914382123059196e-01
7.152094307565332043e-01
7.143350738259791610e-01
7.134682877190474670e-01
7.126089931568060365e-01
7.117571112830605173e-01
7.109125636643867097e-01
7.100752722901558789e-01
7.092451595725287605e-01
7.084221483464352431e-01
7.076061618695291822e-01
7.067971238221227859e-01
7.059949583071059021e-01
7.051995898498283344e-01
7.044109433979883761e-01
7.036289443214700512e-01
7.028535184121880164e-01
7.020845918838948263e-01
7.013220913719799832e-01
7.005659439332370120e-01
6.998160770456232083e-01
6.990724186079968483e-01
6.983348969398298633e-01
6.976034407809142968e-01
6.968779792910337889e-01
6.961584420496294001e-01
6.954447590554468928e-01
6.947368607261574791e-01
6.940346778979651354e-01
6.933381418252009265e-01
6.926471841799000106e-01
6.919617370513466703e-01
6.912817329456198978e-01
6.906071047851178868e-01
6.899377859080604303e-01
6.892737100679803275e-01
6.886148114331878123e-01
6.879610245862386453e-01
6.873122845233725631e-01
6.866685266539274135e-01
6.860296867997619508e-01
6.853957011946422151e-01
6.847665064836238047e-01
6.841420397224100558e-01
6.835222383767060039e-01
6.829070403215528051e-01
6.822963838406379544e-01
6.816902076256138310e-01
6.810884507753744987e-01
6.804910527953442756e-01
6.798979535967264454e-01
6.793090934957666249e-01
6.787244132129779395e-01
6.781438538723691956e-01
6.775673570006445212e-01
6.769948645264074472e-01
6.764263187793394527e-01
6.758616624893711844e-01
6.753008387858350225e-01
6.747437911966127633e-01
6.741904636472707546e-01
6.736408004601738275e-01
6.730947463535952302e-01
6.725522464408141277e-01
6.720132462292010000e-01
6.714776916192879419e-01
6.709455289038273040e-01
6.704167047668506685e-01
6.698911662826974034e-01
6.693688609150515445e-01
6.688497365159509211e-01
6.683337413248016112e-01
6.678208239673709690e-01
6.673109334547743243e-01
6.668040191824450291e-01
6.663000309291068346e-01
6.657989188557257298e-01
6.653006335044593378e-01
6.648051257975871042e-01
6.643123470364458161e-01
6.638222489003361426e-01
6.633347834454392800e-01
6.628499031037142775e-01
6.623675606817832628e-01
6.618877093598176664e-01
6.614103026904125660e-01
6.609352945974418247e-01
6.604626393749227775e-01
6.599922916858624866e-01
6.595242065610902316e-01
6.590583393980995464e-01
6.585946459598596148e-01
6.581330823736438740e-01
6.576736051298245345e-01
6.572161710806864177e-01
6.567607374392117059e-01
6.563072617778660245e-01
6.558557020273854121e-01
6.554060164755372009e-01
6.549581637658949962e-01
6.545121028965890098e-01
6.540677932190690491e-01
6.536251944368373090e-01
6.531842666041947076e-01
6.527449701249716796e-01
6.523072657512614114e-01
6.518711145821265429e-01
6.514364780623294049e-01
6.510033179810346127e-01
6.505715964705062193e-01
6.501412760048208561e-01
6.497123193985443468e-01
6.492846898054331906e-01
6.488583507171058473e-01
6.484332659617290107e-01
6.480093997026837860e-01
6.475867164372337559e-01
6.471651809951930456e-01
6.467447585375752928e-01
6.463254145552570495e-01
6.459071148676216456e-01
6.454898256212047158e-01
6.450735132883382850e-01
6.446581446657835279e-01
6.442436868733651956e-01
6.438301073526033758e-01
6.434173738653355956e-01
6.430054544923389237e-01
6.425943176319464101e-01
6.421839319986675232e-01
6.417742666217970404e-01
6.413652908440174993e-01
6.409569743200135283e-01
6.405492870150675255e-01
6.401421992036608888e-01
6.397356814680709158e-01
6.393297046969630415e-01
6.389242400839810765e-01
6.385192591263378903e-01
6.381147336234019862e-01
6.377106356752773042e-01
6.373069376813839115e-01
6.369036123390456883e-01
6.365006326420572513e-01
6.360979718792626469e-01
6.356956036331290472e-01
6.352935017783217786e-01
6.348916404802652513e-01
6.344899941937200971e-01
6.340885376613399904e-01
6.336872459122491197e-01
6.332860942605935684e-01
6.328850583041115696e-01
6.324841139226925479e-01
6.320832372769343843e-01
6.316824048067034569e-01
6.312815932296959032e-01
6.308807795399969942e-01
6.304799410066247445e-01
6.300790551721011656e-01
6.296780998509978744e-01
6.292770531284941349e-01
6.288758933589286837e-01
6.284745991643546636e-01
6.280731494330966669e-01
6.276715233182935672e-01
6.272697002364628904e-01
6.268676598660473109e-01
6.264653821459722494e-01
6.260628472741893713e-01
6.256600357062425122e-01
6.252569281538067347e-01
6.248535055832588059e-01
6.244497492142137007e-01
6.240456405180908606e-01
6.236411612166646856e-01
6.232362932806192468e-01
6.228310189281045517e-01
6.224253206232954749e-01
6.220191810749474692e-01
6.216125832349530533e-01
6.212055102969047393e-01
6.207979456946501884e-01
6.203898731008616885e-01
6.199812764255864250e-01
6.195721398148226200e-01
6.191624476490725781e-01
6.187521845419149402e-01
6.183413353385744937e-01
6.179298851144799931e-01
6.175178191738487365e-01
6.171051230482421657e-01
6.166917824951524407e-01
6.162777834965695867e-01
6.158631122575636274e-01
6.154477552048555067e-01
6.150316989854014427e-01
6.146149304649733969e-01
6.141974367267456492e-01
6.137792050698752666e-01
6.133602230080952289e-01
6.129404782683014474e-01
6.125199587891444475e-01
6.120986527196226046e-01
6.116765484176819312e-01
6.112536344488096463e-01
6.108298995846414003e-01
6.104053328015586199e-01
6.099799232792983972e-01
6.095536603995577174e-01
6.091265337446081229e-01
6.086985330959071572e-01
6.082696484327130282e-01
6.078398699307061559e-01
6.074091879606087208e-01
6.069775930868083202e-01
6.065450760659840679e-01
6.061116278457397977e-01
6.056772395632332717e-01
6.052419025438146027e-01
6.048056082996592364e-01
6.043683485284184753e-01
6.039301151118546818e-01
6.034909001144940222e-01
6.030506957822784342e-01
6.026094945412159287e-01
6.021672889960396624e-01
6.017240719288656781e-01
6.012798362978628575e-01
6.008345752359155467e-01
6.003882820492967287e-01
5.999409502163350894e-01
5.994925733860985151e-01
5.990431453770774795e-01
5.985926601758640997e-01
5.981411119358391870e-01
5.976884949758680676e-01
5.972348037789932951e-01
5.967800329911345791e-01
5.963241774197882705e-01
5.958672320327382810e-01
5.954091919567620073e-01
5.949500524763448039e-01
5.944898090323970097e-01
5.940284572209793001e-01
5.935659927920243772e-01
5.931024116480635433e-01
5.926377098429633783e-01
5.921718835806660808e-01
5.917049292139241468e-01
5.912368432430460397e-01
5.907676223146471894e-01
5.902972632204038783e-01
5.898257628958103460e-01
5.893531184189382266e-01
5.888793270092022025e-01
5.884043860261296555e-01
5.879282929681335368e-01
5.874510454712974505e-01
5.869726413081508554e-01
5.864930783864548136e-01
5.860123547479948458e-01
5.855304685673796694e-01
5.850474181508351634e-01
5.845632019350102127e-01
5.840778184857863264e-01
5.835912664970912545e-01
5.831035447897138235e-01
5.826146523101212171e-01
5.821245881292920199e-01
5.816333514415431560e-01
5.811409415633671527e-01
5.806473579322666279e-01
5.801526001056065418e-01
5.796566677594544581e-01
5.791595606874335722e-01
5.786612787995900620e-01
5.781618221212422304e-01
5.776611907918588473e-01
5.771593850639242795e-01
5.766564053018150560e-01
5.761522519806807630e-01
5.756469256853300465e-01
5.751404271091241638e-01
5.746327570528646511e-01
5.741239164236972004e-01
5.736139062340184225e-01
5.731027276003796134e-01
5.725903817424019548e-01
5.720768699816959346e-01
5.715621937407867614e-01
5.710463545420358944e-01
5.705293540065822233e-01
5.700111938532771427e-01
5.694918758976186268e-01
5.689714020507115055e-01
5.684497743182106433e-01
5.679269947992818812e-01
5.674030656855644228e-01
5.668779892601319981e-01
5.663517678964715696e-01
5.658244040574560429e-01
5.652959002943271916e-01
5.647662592456800246e-01
5.642354836364535942e-01
5.637035762769297964e-01
5.631705400617333934e-01
5.626363779688366984e-01
5.621010930585700338e-01
5.615646884726404053e-01
5.610271674331485103e-01
5.604885332416164045e-01
5.599487892780191656e-01
5.594079389998152241e-01
5.588659859409943476e-01
5.583229337111195179e-01
