0.000000000000000000e+00
1.000000000000000000e+00
2.000000000000000000e+00
3.000000000000000000e+00
4.000000000000000000e+00
5.000000000000000000e+00
6.000000000000000000e+00
7.000000000000000000e+00
8.000000000000000000e+00
9.000000000000000000e+00
1.000000000000000000e+01
1.100000000000000000e+01
1.200000000000000000e+01
1.300000000000000000e+01
1.400000000000000000e+01
1.500000000000000000e+01
1.600000000000000000e+01
1.700000000000000000e+01
1.800000000000000000e+01
1.900000000000000000e+01
2.000000000000000000e+01
2.000000000000000000e+01
2.000000000000000000e+01
2.000000000000000000e+01
2.000000000000000000e+01
2.000000000000000000e+01
2.000000000000000000e+01
2.000000000000000000e+01
2.000000000000000000e+01
2.000000000000000000e+01
1.950256225978706226e+01
1.850256225978706226e+01
1.750256225978706226e+01
1.650256225978706226e+01
1.550256225978706226e+01
1.450256225978706226e+01
1.350256225978706226e+01
1.250256225978706226e+01
1.150256225978706226e+01
1.050256225978706226e+01
9.502562259787062260e+00
8.502562259787062260e+00
7.659517299479583485e+00
7.363487460212372326e+00
7.088877057399544768e+00
6.833552867584625545e+00
6.595646422966902733e+00
6.373517604894759714e+00
6.165723436896124454e+00
5.970991325148851558e+00
5.788196103532384562e+00
5.616340333753329084e+00
5.454537390812779662e+00
5.301996932258250972e+00
5.158012407924767118e+00
5.021950316661200731e+00
4.893240959091023967e+00
4.771370471824453396e+00
4.655873959621430025e+00
4.546329568570535606e+00
4.442353366055207253e+00
4.343594912686479681e+00
4.249733427970756594e+00
4.160474465662030497e+00
4.075547026870122380e+00
3.994701049359972167e+00
3.917705220336881400e+00
3.844345067587908726e+00
3.774421290326830825e+00
3.707748296628872176e+00
3.644152919078112340e+00
3.583473284301918138e+00
3.525557815531807027e+00
3.470264350294809397e+00
3.417459357875788584e+00
3.367017243361484446e+00
3.318819726934754577e+00
3.272755288677529073e+00
3.228718670502504384e+00
3.186610427999479800e+00
3.146336525981029197e+00
3.107807972368024529e+00
3.070940485788816954e+00
3.035654192895142156e+00
3.001873351936968248e+00
2.969526099601490721e+00
2.938544218518982731e+00
2.908862923179476034e+00
2.880420662297683343e+00
2.853158935915827588e+00
2.827022125751256443e+00
2.801957337482684274e+00
2.777914253830173763e+00
2.754844997422952524e+00
2.732704002569363411e+00
2.711447895147213849e+00
2.691035379922376514e+00
2.671427134681853666e+00
2.652585710634822291e+00
2.634475438594159336e+00
2.617062340502180895e+00
2.600314045908917127e+00
2.584199713050339575e+00
2.568689954208208448e+00
2.553756765063108780e+00
2.539373457778818732e+00
2.525514597579289422e+00
2.512155942600201808e+00
2.499274386815233395e+00
2.486847905853542429e+00
2.474855505539174771e+00
2.463277172996357844e+00
2.452093830175854805e+00
2.441287289668359950e+00
2.430840212679979295e+00
2.420736069053527117e+00
2.410959099227045765e+00
2.401494278027920259e+00
2.392327280207484197e+00
2.383444447626669849e+00
2.374832758008882827e+00
2.366479795181018808e+00
2.358373720728287548e+00
2.350503246992551087e+00
2.342857611347962887e+00
2.335426551691272223e+00
2.328200283087466627e+00
2.321169475514760272e+00
2.314325232655741971e+00
2.307659071684330598e+00
2.301162904000749521e+00
2.294829016869214922e+00
2.288650055915272041e+00
2.282619008441952424e+00
2.276729187525820208e+00
2.270974216856067152e+00
2.265348016281483634e+00
2.259844788031986074e+00
2.254459003582821364e+00
2.249185391131368394e+00
2.244018923657596254e+00
2.238954807540951553e+00
2.233988471707457624e+00
2.229115557282296489e+00
2.224331907724134361e+00
2.219633559418757951e+00
2.215016732710455738e+00
2.210477823350786242e+00
2.206013394345182732e+00
2.201620168178903381e+00
2.197295019404567729e+00
2.193034967574450267e+00
2.188837170501480855e+00
2.184698917833628240e+00
2.180617624927018827e+00
2.176590827003979989e+00
2.172616173582666121e+00
2.168691423165649557e+00
2.164814438175402422e+00
2.160983180125240377e+00
2.157195705014718801e+00
2.153450158939045345e+00
2.149744773902608319e+00
2.146077863827020593e+00
2.142447820744766140e+00
2.138853111169693566e+00
2.135292272636250654e+00
2.131763910399510742e+00
2.128266694288568406e+00
2.124799355706184389e+00
2.121360684767856331e+00
2.117949527573842694e+00
2.114564783607926213e+00
2.111205403257135682e+00
2.107870385446640071e+00
2.104558775384607561e+00
2.101269662411846539e+00
2.098002177951339142e+00
2.094755493553121628e+00
2.091528819029959241e+00
2.088321400679688633e+00
2.085132519590125799e+00
2.081961490022811390e+00
2.078807657871787562e+00
2.075670399194026849e+00
2.072549118808139301e+00
2.069443248958216852e+00
2.066352248039725392e+00
2.063275599384632564e+00
2.060212810103003278e+00
2.057163409978343349e+00
2.054126950414394415e+00
2.051103003430735594e+00
2.048091160705187264e+00
2.045091032660593555e+00
2.042102247594130393e+00
2.039124450847016323e+00
2.036157304012821800e+00
2.033200484182576595e+00
2.030253683224946926e+00
2.027316607099833412e+00
2.024388975203928798e+00
2.021470519746599415e+00
2.018560985154850496e+00
2.015660127505876087e+00
2.012767713986033602e+00
2.009883522374884102e+00
2.007007340553305319e+00
2.004138966034350045e+00
2.001278205515990560e+00
1.998424874454629796e+00
1.995578796658368903e+00
1.992739803899272077e+00
1.989907735543555489e+00
1.987082438199023970e+00
1.984263765378851518e+00
1.981451577180999513e+00
1.978645739982552554e+00
1.975846126148206761e+00
1.973052613752343643e+00
1.970265086314016978e+00
1.967483432544224087e+00
1.964707546104956792e+00
1.961937325379422781e+00
1.959172673252933539e+00
1.956413496904034766e+00
1.953659707605249540e+00
1.950911220533170454e+00
1.948167954587298301e+00
1.945429832217372867e+00
1.942696779258650697e+00
1.939968724774910225e+00
1.937245600908686916e+00
1.934527342738503020e+00
1.931813888142727809e+00
1.929105177669769633e+00
1.926401154414285832e+00
1.923701763899119621e+00
1.921006953962781649e+00
1.918316674652139175e+00
1.915630878120037295e+00
1.912949518527767623e+00
1.910272551951993192e+00
1.907599936296021204e+00
1.904931631205244891e+00
1.902267597986425196e+00
1.899607799530794283e+00
1.896952200240708430e+00
1.894300765959708199e+00
1.891653463905821342e+00
1.889010262607969448e+00
1.886371131845347104e+00
1.883736042589595261e+00
1.881104966949652013e+00
1.878477878119199085e+00
1.875854750326543474e+00
1.873235558786789490e+00
1.870620279656277418e+00
1.868008889989101862e+00
1.865401367695702639e+00
1.862797691503326636e+00
1.860197840918329959e+00
1.857601796190288423e+00
1.855009538277704983e+00
1.852421048815342530e+00
1.849836310083081470e+00
1.847255304976218371e+00
1.844678016977122859e+00
1.842104430128249870e+00
1.839534529006353392e+00
1.836968298697980728e+00
1.834405724775995283e+00
1.831846793277299712e+00
1.829291490681495658e+00
1.826739803890625735e+00
1.824191720209776379e+00
1.821647227328635932e+00
1.819106313303908484e+00
1.816568966542476904e+00
1.814035175785441378e+00
1.811504930092851184e+00
1.808978218829124129e+00
1.806455031649199627e+00
1.803935358485298179e+00
1.801419189534279042e+00
1.798906515245637827e+00
1.796397326310009701e+00
1.793891613648253891e+00
1.791389368400997384e+00
1.788890581918688882e+00
1.786395245752114391e+00
1.783903351643367552e+00
1.781414891517207222e+00
1.778929857472827836e+00
1.776448241776021897e+00
1.773970036851692633e+00
1.771495235276751679e+00
1.769023829773267442e+00
1.766555813202030256e+00
1.764091178556324468e+00
1.761629918956065577e+00
1.759172027642158964e+00
1.756717497971130193e+00
1.754266323410029527e+00
1.751818497531534957e+00
1.749374014009331901e+00
1.746932866613638335e+00
1.744495049207011483e+00
1.742060555740288397e+00
1.739629380248758128e+00
1.737201516848495109e+00
1.734776959732833079e+00
1.732355703169076167e+00
1.729937741495284120e+00
1.727523069117240295e+00
1.725111680505578615e+00
1.722703570193008460e+00
1.720298732771698536e+00
1.717897162890760665e+00
1.715498855253843047e+00
1.713103804616870285e+00
1.710712005785862688e+00
1.708323453614847942e+00
1.705938143003903340e+00
1.703556068897260189e+00
1.701177226281495258e+00
1.698801610183817479e+00
1.696429215670438362e+00
1.694060037844996813e+00
1.691694071847084313e+00
1.689331312850830491e+00
1.686971756063511796e+00
1.684615396724305603e+00
1.682262230103036327e+00
1.679912251498978604e+00
1.677565456239785702e+00
1.675221839680373748e+00
1.672881397201929188e+00
1.670544124210920689e+00
1.668210016138191643e+00
1.665879068438045119e+00
1.663551276587418304e+00
1.661226636085085806e+00
1.658905142450860959e+00
1.656586791224901933e+00
1.654271577966981877e+00
1.651959498255828329e+00
1.649650547688493063e+00
1.647344721879751450e+00
1.645042016461500056e+00
1.642742427082232171e+00
1.640445949406486026e+00
1.638152579114353191e+00
1.635862311901002508e+00
1.633575143476226899e+00
1.631291069563977070e+00
1.629010085901968941e+00
1.626732188241287735e+00
1.624457372345994521e+00
1.622185633992782927e+00
1.619916968970604332e+00
1.617651373080361665e+00
1.615388842134584779e+00
1.613129371957140457e+00
1.610872958382921993e+00
1.608619597257597400e+00
1.606369284437343170e+00
1.604122015788579381e+00
1.601877787187758750e+00
1.599636594521108623e+00
1.597398433684442232e+00
1.595163300582915777e+00
1.592931191130871893e+00
1.590702101251619816e+00
1.588476026877263747e+00
1.586252963948527661e+00
1.584032908414605201e+00
1.581815856232970052e+00
1.579601803369259372e+00
1.577390745797104588e+00
1.575182679498021709e+00
1.572977600461247460e+00
1.570775504683628920e+00
1.568576388169498737e+00
1.566380246930585862e+00
1.564187076985854130e+00
1.561996874361457177e+00
1.559809635090585678e+00
1.557625355213393181e+00
1.555444030776923281e+00
1.553265657834996372e+00
1.551090232448122608e+00
1.548917750683433514e+00
1.546748208614604714e+00
1.544581602321786429e+00
1.542417927891509333e+00
1.540257181416643029e+00
1.538099358996325439e+00
1.535944456735896191e+00
1.533792470746826453e+00
1.531643397146680963e+00
1.529497232059058298e+00
1.527353971613531591e+00
1.525213611945599901e+00
1.523076149196645135e+00
1.520941579513876096e+00
1.518809899050295620e+00
1.516681103964654165e+00
1.514555190421410069e+00
1.512432154590687805e+00
1.510311992648227131e+00
1.508194700775359554e+00
1.506080275158998560e+00
1.503968711991555907e+00
1.501860007470934733e+00
1.499754157800511800e+00
1.497651159189072878e+00
1.495551007850828729e+00
1.493453700005340945e+00
1.491359231877528835e+00
1.489267599697629674e+00
1.487178799701174281e+00
1.485092828128960374e+00
1.483009681227034804e+00
1.480929355246677126e+00
1.478851846444364293e+00
1.476777151081750006e+00
1.474705265425653389e+00
1.472636185748043225e+00
1.470569908325999098e+00
1.468506429441723604e+00
1.466445745382485288e+00
1.464387852440637072e+00
1.462332746913578951e+00
1.460280425103747115e+00
1.458230883318593296e+00
1.456184117870594985e+00
1.454140125077193257e+00
1.452098901260824526e+00
1.450060442748876799e+00
1.448024745873702557e+00
1.445991806972565241e+00
1.443961622387659460e+00
1.441934188466095890e+00
1.439909501559876404e+00
1.437887558025886303e+00
1.435868354225887877e+00
1.433851886526491981e+00
1.431838151299178019e+00
1.429827144920252646e+00
1.427818863770858426e+00
1.425813304236940082e+00
1.423810462709262925e+00
1.421810335583377549e+00
1.419812919259635375e+00
1.417818210143161339e+00
1.415826204643847230e+00
1.413836899176323936e+00
1.411850290159997856e+00
1.409866374019006052e+00
1.407885147182210250e+00
1.405906606083207055e+00
1.403930747160285986e+00
1.401957566856460113e+00
1.399987061619424100e+00
1.398019227901572847e+00
1.396054062159977294e+00
1.394091560856373757e+00
1.392131720457169930e+00
1.390174537433430224e+00
1.388220008260852900e+00
1.386268129419796935e+00
1.384318897395233172e+00
1.382372308676774963e+00
1.380428359758648638e+00
1.378487047139678179e+00
1.376548367323311428e+00
1.374612316817572566e+00
1.372678892135095419e+00
1.370748089793076385e+00
1.368819906313288204e+00
1.366894338222084393e+00
1.364971382050368165e+00
1.363051034333596867e+00
1.361133291611785534e+00
1.359218150429475358e+00
1.357305607335748565e+00
1.355395658884208210e+00
1.353488301632991497e+00
1.351583532144738919e+00
1.349681346986596697e+00
1.347781742730216337e+00
1.345884715951737975e+00
1.343990263231800153e+00
1.342098381155518272e+00
1.340209066312477049e+00
1.338322315296730958e+00
1.336438124706815334e+00
1.334556491145691304e+00
1.332677411220793529e+00
1.330800881543995118e+00
1.328926898731597195e+00
1.327055459404352433e+00
1.325186560187419982e+00
1.323320197710388335e+00
1.321456368607253573e+00
1.319595069516429131e+00
1.317736297080725816e+00
1.315880047947336928e+00
1.314026318767864243e+00
1.312175106198282482e+00
1.310326406898938867e+00
1.308480217534574219e+00
1.306636534774268554e+00
1.304795355291482606e+00
1.302956675764015859e+00
1.301120492874024759e+00
1.299286803308003391e+00
1.297455603756789699e+00
1.295626890915555496e+00
1.293800661483782921e+00
1.291976912165276214e+00
1.290155639668169263e+00
1.288336840704881858e+00
1.286520511992151228e+00
1.284706650251008497e+00
1.282895252206766257e+00
1.281086314589040542e+00
1.279279834131703542e+00
1.277475807572928002e+00
1.275674231655128832e+00
1.273875103124998187e+00
1.272078418733488148e+00
1.270284175235780300e+00
1.268492369391337471e+00
1.266702997963824462e+00
1.264916057721173992e+00
1.263131545435517644e+00
1.261349457883241598e+00
1.259569791844925124e+00
1.257792544105367227e+00
1.256017711453579766e+00
1.254245290682775904e+00
1.252475278590348573e+00
1.250707671977898894e+00
1.248942467651213750e+00
1.247179662420241364e+00
1.245419253099122603e+00
1.243661236506156342e+00
1.241905609463818339e+00
1.240152368798716598e+00
1.238401511341633565e+00
1.236653033927490597e+00
1.234906933395354844e+00
1.233163206588419047e+00
1.231421850354018854e+00
1.229682861543609285e+00
1.227946237012773834e+00
1.226211973621189832e+00
1.224480068232658203e+00
1.222750517715091023e+00
1.221023318940486879e+00
1.219298468784940193e+00
1.217575964128627675e+00
1.215855801855818541e+00
1.214137978854857858e+00
1.212422492018167208e+00
1.210709338242218935e+00
1.208998514427557236e+00
1.207290017478783284e+00
1.205583844304542795e+00
1.203879991817525141e+00
1.202178456934480000e+00
1.200479236576171838e+00
1.198782327667401226e+00
1.197087727136989077e+00
1.195395431917776641e+00
1.193705438946633279e+00
1.192017745164418496e+00
1.190332347516015465e+00
1.188649242950283291e+00
1.186968428420088539e+00
1.185289900882279701e+00
1.183613657297685418e+00
1.181939694631133353e+00
1.180268009851392907e+00
1.178598599931226953e+00
1.176931461847346094e+00
1.175266592580417768e+00
1.173603989115072910e+00
1.171943648439881525e+00
1.170285567547352468e+00
1.168629743433938550e+00
1.166976173100014336e+00
1.165324853549894346e+00
1.163675781791808195e+00
1.162028954837887262e+00
1.160384369704207330e+00
1.158742023410716193e+00
1.157101912981290281e+00
1.155464035443684256e+00
1.153828387829542113e+00
1.152194967174415163e+00
1.150563770517703421e+00
1.148934794902720213e+00
1.147308037376611800e+00
1.145683494990421547e+00
1.144061164799039521e+00
1.142441043861204708e+00
1.140823129239521450e+00
1.139207418000434568e+00
1.137593907214225597e+00
1.135982593955012998e+00
1.134373475300757050e+00
1.132766548333226098e+00
1.131161810138024748e+00
1.129559257804559902e+00
1.127958888426069617e+00
1.126360699099575591e+00
1.124764686925914692e+00
1.123170849009713645e+00
1.121579182459395696e+00
1.119989684387157736e+00
1.118402351908998948e+00
1.116817182144684173e+00
1.115234172217752562e+00
1.113653319255503593e+00
1.112074620389005508e+00
1.110498072753070442e+00
1.108923673486282402e+00
1.107351419730963960e+00
1.105781308633180471e+00
1.104213337342739853e+00
1.102647503013167274e+00
1.101083802801733125e+00
1.099522233869420385e+00
1.097962793380927948e+00
1.096405478504682840e+00
1.094850286412811347e+00
1.093297214281137908e+00
1.091746259289203103e+00
1.090197418620227232e+00
1.088650689461119647e+00
1.087106069002474529e+00
1.085563554438577993e+00
1.084023142967383002e+00
1.082484831790507585e+00
1.080948618113240833e+00
1.079414499144539796e+00
1.077882472097005273e+00
1.076352534186898913e+00
1.074824682634129669e+00
1.073298914662229153e+00
1.071775227498392047e+00
1.070253618373427917e+00
1.068734084521790750e+00
1.067216623181542534e+00
1.065701231594363696e+00
1.064187907005556433e+00
1.062676646664022284e+00
1.061167447822279897e+00
1.059660307736439044e+00
1.058155223666207956e+00
1.056652192874880436e+00
1.055151212629341639e+00
1.053652280200054747e+00
1.052155392861067407e+00
1.050660547889986418e+00
1.049167742567986839e+00
1.047676974179807541e+00
1.046188240013757209e+00
1.044701537361680144e+00
1.043216863518983795e+00
1.041734215784604123e+00
1.040253591461032467e+00
1.038774987854292675e+00
1.037298402273933995e+00
1.035823832033020420e+00
1.034351274448158442e+00
1.032880726839459751e+00
1.031412186530548558e+00
1.029945650848548944e+00
1.028481117124112387e+00
1.027018582691358262e+00
1.025558044887917131e+00
1.024099501054913652e+00
1.022642948536940377e+00
1.021188384682089278e+00
1.019735806841912895e+00
1.018285212371433879e+00
1.016836598629151212e+00
1.015389962977034655e+00
1.013945302780479452e+00
1.012502615408368278e+00
1.011061898233010625e+00
1.009623148630173883e+00
1.008186363979057143e+00
1.006751541662297411e+00
1.005318679065966947e+00
1.003887773579557052e+00
1.002458822595976295e+00
1.001031823511567387e+00
9.996067737260807551e-01
9.981836706426606698e-01
9.967625116678739960e-01
9.953432942116845483e-01
9.939260156874369923e-01
9.925106735118884860e-01
9.910972651051578319e-01
9.896857878907681094e-01
9.882762392956188080e-01
9.868686167499705064e-01
9.854629176874650787e-01
9.840591395450977164e-01
9.826572797632259215e-01
9.812573357855750578e-01
9.798593050592112608e-01
9.784631850345408832e-01
9.770689731653370291e-01
9.756766669086904820e-01
9.742862637250307989e-01
9.728977610781301966e-01
9.715111564350679130e-01
9.701264472662490812e-01
9.687436310454102806e-01
9.673627052495821221e-01
9.659836673591188916e-01
9.646065148576721260e-01
9.632312452321871721e-01
9.618578559729202837e-01
9.604863445734012073e-01
9.591167085304530548e-01
9.577489453441964118e-01
9.563830525180027076e-01
9.550190275585455080e-01
9.536568679757500000e-01
9.522965712828131979e-01
9.509381349961988361e-01
9.495815566356112791e-01
9.482268337240240541e-01
9.468739637876648629e-01
9.455229443559879376e-01
9.441737729616946906e-01
9.428264471407166170e-01
9.414809644322437165e-01
9.401373223786546607e-01
9.387955185255895119e-01
9.374555504218793356e-01
9.361174156195860574e-01
9.347811116739763726e-01
9.334466361435270754e-01
9.321139865899121801e-01
9.307831605780173545e-01
9.294541556759053913e-01
9.281269694548435201e-01
9.268015994892770948e-01
9.254780433568364773e-01
9.241562986383321521e-01
9.228363629177397387e-01
9.215182337822078740e-01
9.202019088220618759e-01
9.188873856307792076e-01
9.175746618049952508e-01
9.162637349444994195e-01
9.149546026522306086e-01
9.136472625342720866e-01
9.123417121998377288e-01
9.110379492612989960e-01
9.097359713341578447e-01
9.084357760370214141e-01
9.071373609916424385e-01
9.058407238229004843e-01
9.045458621587674219e-01
9.032527736303461730e-01
9.019614558718430652e-01
9.006719065205648356e-01
8.993841232169343947e-01
8.980981036044437538e-01
8.968138453297033186e-01
8.955313460424044747e-01
8.942506033953154798e-01
8.929716150442879030e-01
8.916943786482515177e-01
8.904188918692097499e-01
8.891451523722356809e-01
8.878731578254650536e-01
8.866029059000946067e-01
8.853343942703757463e-01
8.840676206136101056e-01
8.828025826101457696e-01
8.815392779433931514e-01
8.802777042997779189e-01
8.790178593687882902e-01
8.777597408429295145e-01
8.765033464177388600e-01
8.752486737917715143e-01
8.739957206666176814e-01
8.727444847468747158e-01
8.714949637401537830e-01
8.702471553570763074e-01
8.690010573112671999e-01
8.677566673193627400e-01
8.665139831009925908e-01
8.652730023787762459e-01
8.640337228783190326e-01
8.627961423282178854e-01
8.615602584600450253e-01
8.603260690083653905e-01
8.590935717107083258e-01
8.578627643075762421e-01
8.566336445424269641e-01
8.554062101616924929e-01
8.541804589147715676e-01
8.529563885540041301e-01
8.517339968346777646e-01
8.505132815150453496e-01
8.492942403562844245e-01
8.480768711225284973e-01
8.468611715808271878e-01
8.456471395011851966e-01
8.444347726565145651e-01
8.432240688226729786e-01
8.420150257784142500e-01
8.408076413054285103e-01
8.396019131883140085e-01
8.383978392145827740e-01
8.371954171746354145e-01
8.359946448617883163e-01
8.347955200722564362e-01
8.335980406051396452e-01
8.324022042624368289e-01
8.312080088490216845e-01
8.300154521726689216e-01
8.288245320440265074e-01
8.276352462766115581e-01
8.264475926868163347e-01
8.252615690938926996e-01
8.240771733199682147e-01
8.228944031900304878e-01
8.217132565319207327e-01
8.205337311763399866e-01
8.193558249568233531e-01
8.181795357097672028e-01
8.170048612744010841e-01
8.158317994927846151e-01
8.146603482098333515e-01
8.134905052732812614e-01
8.123222685336971560e-01
8.111556358444579340e-01
8.099906050617760034e-01
8.088271740446730806e-01
8.076653406549845204e-01
8.065051027573547637e-01
8.053464582192324528e-01
8.041894049108653242e-01
8.030339407053147527e-01
8.018800634784100101e-01
8.007277711087948946e-01
7.995770614778908714e-01
7.984279324699026237e-01
7.972803819718229379e-01
7.961344078734062801e-01
7.949900080671863378e-01
7.938471804484585892e-01
7.927059229153076148e-01
7.915662333685580254e-01
7.904281097117914490e-01
7.892915498513635164e-01
7.881565516963635609e-01
7.870231131586341577e-01
7.858912321527633527e-01
7.847609065960805541e-01
7.836321344086496499e-01
7.825049135132657874e-01
7.813792418354589264e-01
7.802551173034791843e-01
7.791325378483011654e-01
7.780115014036194099e-01
7.768920059058528338e-01
7.757740492941176402e-01
7.746576295102444165e-01
7.735427444987831302e-01
7.724293922069537244e-01
7.713175705847066244e-01
7.702072775846624531e-01
7.690985111621507775e-01
7.679912692751711401e-01
7.668855498844309171e-01
7.657813509532970242e-01
7.646786704478115704e-01
7.635775063367096216e-01
7.624778565913891137e-01
7.613797191859069668e-01
7.602830920969849693e-01
7.591879733040035605e-01
7.580943607890180402e-01
7.570022525367089417e-01
7.559116465344208891e-01
7.548225407721462776e-01
7.537349332425178350e-01
7.526488219407946323e-01
7.515642048648883966e-01
7.504810800153450812e-01
7.493994453953193302e-01
7.483192990106133369e-01
7.472406388696350987e-01
7.461634629834185128e-01
7.450877693656147160e-01
7.440135560324770969e-01
7.429408210028775050e-01
7.418695622982883764e-01
7.407997779427888396e-01
7.397314659630478406e-01
7.386646243883300267e-01
7.375992512504900844e-01
7.365353445839775137e-01
7.354729024258296333e-01
7.344119228156565926e-01
7.333524037956461461e-01
7.322943434105685379e-01
7.312377397077597374e-01
7.301825907371271018e-01
7.291288945511325004e-01
7.280766492048081906e-01
7.270258527557513784e-01
7.259765032640962401e-01
7.249285987925405683e-01
7.238821374063296732e-01
7.228371171732405065e-01
7.217935361636167446e-01
7.207513924503112790e-01
7.197106841087332896e-01
7.186714092168104973e-01
7.176335658550150320e-01
7.165971521063252414e-01
7.155621660562425657e-01
7.145286057928070811e-01
7.134964694065466517e-01
7.124657549905171194e-01
7.114364606402829860e-01
7.104085844539130834e-01
7.093821245319733571e-01
7.083570789775335275e-01
7.073334458961492155e-01
7.063112233958789288e-01
7.052904095872760681e-01
7.042710025833616161e-01
7.032530004996431217e-01
7.022364014541261357e-01
7.012212035672675814e-01
7.002074049620125029e-01
6.991950037637764126e-01
6.981839981004293039e-01
6.971743861023119715e-01
6.961661659022186921e-01
6.951593356354225373e-01
6.941538934396169758e-01
6.931498374549738273e-01
6.921471658241046265e-01
6.911458766920545171e-01
6.901459682063200152e-01
6.891474385168290251e-01
6.881502857759483893e-01
6.871545081384861087e-01
6.861601037616545939e-01
6.851670708051071923e-01
6.841754074309220890e-01
6.831851118035844328e-01
6.821961820900023232e-01
6.812086164595010374e-01
6.802224130838047111e-01
6.792375701370433339e-01
6.782540857957570779e-01
6.772719582388876391e-01
6.762911856477745731e-01
6.753117662061370874e-01
6.743336981001019081e-01
6.733569795181736373e-01
6.723816086512507395e-01
6.714075836925990082e-01
6.704349028378654429e-01
6.694635642850746970e-01
6.684935662346304097e-01
6.675249068892998849e-01
6.665575844542183104e-01
6.655915971368716599e-01
6.646269431471242273e-01
6.636636206971889829e-01
6.627016280016220229e-01
6.617409632773497696e-01
6.607816247436287815e-01
6.598236106220727315e-01
6.588669191366244293e-01
6.579115485135723640e-01
6.569574969815418219e-01
6.560047627714910012e-01
6.550533441167034621e-01
6.541032392527823536e-01
6.531544464176659570e-01
