5.577787859943769133e-01
1.557778785994377024e+00
2.557778785994377024e+00
3.557778785994377024e+00
4.557778785994377024e+00
5.557778785994377024e+00
6.557778785994377024e+00
7.557778785994377024e+00
8.557778785994376136e+00
9.557778785994376136e+00
1.055777878599437614e+01
1.155777878599437614e+01
1.255777878599437614e+01
1.355777878599437614e+01
1.455777878599437614e+01
1.555777878599437614e+01
1.655777878599437614e+01
1.755777878599437614e+01
1.855777878599437614e+01
1.955777878599437614e+01
2.000000000000000000e+01
2.000000000000000000e+01
2.000000000000000000e+01
2.000000000000000000e+01
2.000000000000000000e+01
2.000000000000000000e+01
2.000000000000000000e+01
2.000000000000000000e+01
1.900000000000000000e+01
1.800000000000000000e+01
1.700000000000000000e+01
1.600000000000000000e+01
1.500000000000000000e+01
1.400000000000000000e+01
1.300000000000000000e+01
1.200000000000000000e+01
1.226344042182839900e+01
1.312721285279975802e+01
1.337858075158754190e+01
1.340128105197307207e+01
1.333781786948105008e+01
1.324114143063943771e+01
1.313095622200491164e+01
1.301462439950002192e+01
1.289492580550940204e+01
1.277293873099835508e+01
1.264910933957952466e+01
1.252364866421660139e+01
1.239667997730516902e+01
1.226829349153486959e+01
1.213856665923071887e+01
1.200757170103766214e+01
1.187537839402676099e+01
1.174205510024705745e+01
1.160766914237243697e+01
1.147228693726566462e+01
1.133597403996587616e+01
1.119879515471245668e+01
1.106081413401818736e+01
1.092209397358881517e+01
1.078269680598073421e+01
1.064268389406657889e+01
1.050211562470197180e+01
1.036105150273715481e+01
1.021955014542167817e+01
1.007766927721802119e+01
9.935465725025437678e+00
9.792995413811240724e+00
9.650313362645036364e+00
9.507473681129994247e+00
9.364529566226110546e+00
9.221533299459096611e+00
9.078536244508981667e+00
8.935588845173199957e+00
8.792740623697085312e+00
8.650040179466756740e+00
8.500093335368873682e+00
8.339925355678559526e+00
8.176509963443365336e+00
8.012460846443488549e+00
7.848774438297866141e+00
7.685846854206531020e+00
7.523850939929502601e+00
7.362876071903585284e+00
7.202979993447343077e+00
7.044208037023182101e+00
6.886600254509190222e+00
6.730194064344431126e+00
6.575025236660380301e+00
6.421128262370700668e+00
6.268536494027273420e+00
6.117282202223563559e+00
5.967396600851273547e+00
5.818909860969291969e+00
5.671851120606618224e+00
5.526248493209493517e+00
5.382129075733402601e+00
5.239518956746252343e+00
5.098443224674554131e+00
4.958925976236912447e+00
4.820990325077019634e+00
4.684658410596703959e+00
4.549951406984426683e+00
4.416889532433884824e+00
4.285492058546260807e+00
4.155777319909702783e+00
4.027762723849463100e+00
3.901464760342271632e+00
3.776899012088613006e+00
3.654080164736186020e+00
3.533022017248548252e+00
3.413737492412657559e+00
3.296238647478773487e+00
3.180536684926991597e+00
3.066641963353916367e+00
2.954564008473866465e+00
2.844311524228118060e+00
2.735892403996992073e+00
2.629313741908070767e+00
2.524581844235697758e+00
2.421702240885323931e+00
2.320679696957512306e+00
2.221518224385718554e+00
2.124221093642866265e+00
2.028790845510549445e+00
1.935217218481625423e+00
1.843262496559667341e+00
1.752841912710536576e+00
1.663927081512568407e+00
1.576510156241901939e+00
1.490590528879280896e+00
1.406169898813452335e+00
1.323250448305287819e+00
1.241834171306969381e+00
1.161922630466612816e+00
1.083516873108720802e+00
1.006617406248388136e+00
9.312241935354350630e-01
8.573366603513221662e-01
7.849537019421717332e-01
7.140736926858082256e-01
6.446944957846625357e-01
5.768134731187757325e-01
5.104274951584102382e-01
4.455329508965277796e-01
3.821257577842054332e-01
3.202013716603886451e-01
2.597547966709790046e-01
2.007805951729153549e-01
1.432728976200010607e-01
8.722541242680748041e-02
3.263143580780436537e-02
-2.051613841164012797e-02
-7.222480901535277553e-02
-1.225024576503308538e-01
-1.713573391179359362e-01
-2.187980717046258405e-01
-2.648336275553972996e-01
-3.094733230924333611e-01
-3.527268094816129462e-01
-3.946040631495186801e-01
-4.351153763534796326e-01
-4.742713478070292865e-01
-5.120828733630489182e-01
-5.485611367572573727e-01
-5.837176004139017493e-01
-6.175639963161554391e-01
-6.501123169431615167e-01
-6.813748062759366064e-01
-7.113639508738582862e-01
-7.400924710242371418e-01
-7.675733119661138915e-01
-7.938196351907862436e-01
-8.188448098204066383e-01
-8.426624040664592030e-01
-8.652861767699295825e-01
-8.867300690244004358e-01
-9.070081958840336966e-01
-9.261348381574290300e-01
-9.441244342892964880e-01
-9.609915723307285162e-01
-9.767509819999702358e-01
-9.914175268343159431e-01
-1.005006196434877985e+00
-1.017532098804959872e+00
-1.029010452783269969e+00
-1.039456580573086875e+00
-1.048885900368093704e+00
-1.057313919076165121e+00
-1.064756225141515245e+00
-1.071228481466480087e+00
-1.076746418433423447e+00
-1.081325827027483921e+00
-1.084982552061050987e+00
-1.087732485500293667e+00
-1.089591559894504513e+00
-1.090575741908785812e+00
-1.090701025960403303e+00
-1.089983427959454021e+00
-1.088438979154008113e+00
-1.086083720080216697e+00
-1.082933694617647991e+00
-1.079004944150117939e+00
-1.074313501832117268e+00
-1.068875386961235741e+00
-1.062706599456395118e+00
-1.055823114442310917e+00
-1.048240876939939170e+00
-1.039975796663172858e+00
-1.031043742921533557e+00
-1.021460539628953335e+00
-1.011241960418404418e+00
-1.000403723862490324e+00
-9.889614887993429804e-01
-9.769308497642406053e-01
-9.643273325261620954e-01
-9.511663897292850223e-01
-9.374633966390355511e-01
-9.232336469924042888e-01
-9.084923489519987072e-01
-8.932546211635745692e-01
-8.775354889166795402e-01
-8.613498804076087367e-01
-8.447126231046411249e-01
-8.276384402145886554e-01
-8.101419472504911568e-01
-7.922376486995581502e-01
-7.739399347909952098e-01
-7.552630783629901146e-01
-7.362212318281748935e-01
-7.168284242369811210e-01
-6.970985584381104161e-01
-6.770454083353971697e-01
-6.566826162404808542e-01
-6.360236903202149961e-01
-6.150820021383403002e-01
-5.938707842904875633e-01
-5.724031281315866693e-01
-5.506919815951309971e-01
-5.287501471029916189e-01
-5.065902795654171342e-01
-4.842248844699010846e-01
-4.616663160582792358e-01
-4.389267755909909141e-01
-4.160183096975451633e-01
-3.929528088124438767e-01
-3.697420056953131251e-01
-3.463974740344877290e-01
-3.229306271328908906e-01
-2.993527166753491286e-01
-2.756748315762465040e-01
-2.519078969063937024e-01
-2.280626728983836671e-01
-2.041497540290322377e-01
-1.801795681780014036e-01
-1.561623758616921265e-01
-1.321082695409891983e-01
-1.080271730021120646e-01
-8.392884080930684831e-02
-5.982285782831908705e-02
-3.571863881959203013e-02
-1.162542809997013649e-02
1.244770072804612937e-02
3.649184498061686099e-02
6.049827303182198079e-02
8.445842438863948587e-02
1.083639097029553966e-01
1.322065107217387236e-01
1.559781801763584497e-01
1.796710416124494003e-01
2.032773891612063011e-01
2.267896872532002561e-01
2.502005702762257755e-01
2.735028421778444851e-01
2.966894760140714737e-01
3.197536134451972600e-01
3.426885641799337634e-01
3.654878053689660788e-01
3.881449809490806757e-01
4.106539009390033357e-01
4.330085406879469190e-01
4.552030400781053032e-01
4.772317026823174047e-01
4.990889948776580098e-01
5.207695449164173596e-01
5.422681419554002957e-01
5.635797350446587473e-01
5.846994320767500142e-01
6.056224986977376545e-01
6.263443571806917021e-01
6.468605852631714725e-01
6.671669149494547923e-01
6.872592312786824920e-01
7.071335710600301638e-01
7.267861215758433246e-01
7.462132192538728503e-01
7.654113483095326131e-01
7.843771393594032304e-01
8.031073680067084553e-01
8.215989534001053585e-01
8.398489567664650934e-01
8.578545799189409848e-01
8.756131637410398127e-01
8.931221866478509241e-01
9.103792630253373375e-01
9.273821416486303093e-01
9.441287040803469921e-01
9.606169630496399492e-01
9.768450608133472102e-01
9.928112674996247833e-01
1.008513979435376129e+00
1.023951717458262856e+00
1.039123125214013399e+00
1.054026967440099050e+00
1.068662128236665509e+00
1.083027609325402985e+00
1.097122528297241217e+00
1.110946116849887311e+00
1.124497719015777442e+00
1.137776789381321763e+00
1.150782891298431032e+00
1.163515695088776170e+00
1.175974976241845660e+00
1.188160613607405658e+00
1.200072587583174588e+00
1.211710978298450314e+00
1.223075963794346244e+00
1.234167818201435729e+00
1.244986909915563267e+00
1.255533699772251488e+00
1.265808739220767087e+00
1.275812668498096158e+00
1.285546214803949816e+00
1.295010190476937773e+00
1.304205491172984566e+00
1.313133094046292637e+00
1.321794055933696921e+00
1.330189511542781755e+00
1.338320671644575466e+00
1.346188821271136149e+00
1.353795317918869756e+00
1.361141589757915771e+00
1.368229133848160028e+00
1.375059514362528823e+00
1.381634360817957763e+00
1.387955366314491901e+00
1.394024285783264538e+00
1.399842934243376469e+00
1.405413185068661530e+00
1.410736968264382885e+00
1.415816268754490626e+00
1.420653124679841062e+00
1.425249625707765366e+00
1.429607911353409477e+00
1.433730169313266023e+00
1.437618633811275970e+00
1.441275583957744022e+00
1.444703342121614664e+00
1.447904272316355989e+00
1.450880778599880738e+00
1.453635303488546748e+00
1.456170326386055702e+00
1.458488362026985286e+00
1.460591958935675949e+00
1.462483697900607726e+00
1.464166190464423645e+00
1.465642077430125534e+00
1.466914027383333652e+00
1.467984735231283810e+00
1.468856920758399021e+00
1.469533327198873973e+00
1.470016719826422680e+00
1.470309884561383118e+00
1.470415626595467984e+00
1.470336769034072066e+00
1.470076151556678035e+00
1.469636629095228963e+00
1.469021070530734718e+00
1.468232357408279176e+00
1.467273382670467363e+00
1.466147049409617820e+00
1.464856269638494135e+00
1.463403963080071923e+00
1.461793055976165379e+00
1.460026479915065734e+00
1.458107170678361264e+00
1.456038067106860900e+00
1.453822109985837940e+00
1.451462240949527027e+00
1.448961401405041149e+00
1.446322531475625617e+00
1.443548568963316292e+00
1.440642448331161951e+00
1.437607099704803826e+00
1.434445447893584635e+00
1.431160411431125379e+00
1.427754901635410079e+00
1.424231821688307864e+00
1.420594065734592792e+00
1.416844518000286435e+00
1.412986051930523068e+00
1.409021529346714985e+00
1.404953799623002819e+00
1.400785698882038410e+00
1.396520049209887926e+00
1.392159657890184032e+00
1.387707316657290857e+00
1.383165800968455983e+00
1.378537869294992113e+00
1.373826262432173984e+00
1.369033702827973098e+00
1.364162893930395359e+00
1.359216519553443803e+00
1.354197243261516359e+00
1.349107707772060127e+00
1.343950534376590067e+00
1.338728322379729274e+00
1.333443648556280614e+00
1.328099066626143632e+00
1.322697106746966611e+00
1.317240275024373908e+00
1.311731053039697947e+00
1.306171897394969861e+00
1.300565239275130125e+00
1.294913484027221617e+00
1.289219010756387451e+00
1.283484171938750862e+00
1.277711293050612262e+00
1.271902672214214824e+00
1.266060579859618951e+00
1.260187258402685195e+00
1.254284921938842334e+00
1.248355755952674784e+00
1.242401917042947890e+00
1.236425532663005811e+00
1.230428700876291082e+00
1.224413490126940118e+00
1.218381939025066085e+00
1.212336056146639862e+00
1.206277819847909161e+00
1.200209178093929907e+00
1.194132048301141058e+00
1.188048317193752368e+00
1.181959840673858952e+00
1.175868443704914945e+00
1.169775920208466324e+00
1.163684032973894222e+00
1.157594513581077678e+00
1.151509062335589029e+00
1.145429348216383758e+00
1.139357008835733875e+00
1.133293650411125064e+00
1.127240847748978592e+00
1.121200144240029228e+00
1.115173051866110931e+00
1.109161051218047866e+00
1.103165591524624567e+00
1.097188090692313267e+00
1.091229935355572334e+00
1.085292480937501303e+00
1.079377051720656233e+00
1.073484940927832199e+00
1.067617410812588652e+00
1.061775692759249878e+00
1.055960987392344563e+00
1.050174464695081245e+00
1.044417264136720647e+00
1.038690494808748532e+00
1.032995235569495129e+00
1.027332535197039043e+00
1.021703412550205137e+00
1.016108856737571564e+00
1.010549827293930392e+00
1.005027254364493583e+00
9.995420388962119596e-01
9.940950528362204608e-01
9.886871393372373973e-01
9.833191129695655341e-01
9.779917599396252825e-01
9.727058383148330378e-01
9.674620782544818276e-01
9.622611822466073939e-01
9.571038253506027882e-01
9.519906554452597369e-01
9.469222934822547622e-01
9.418993337447001402e-01
9.369223441107805694e-01
9.319918663220319033e-01
9.271084162563776321e-01
9.222724842054057515e-01
9.174845351560940721e-01
9.127450090764024360e-01
9.080543212049168034e-01
9.034128623441008976e-01
8.988209991571078916e-01
8.942790744680113590e-01
8.897874075652190129e-01
8.853462945078827140e-01
8.809560084352441311e-01
8.766167998786116300e-01
8.723288970759555117e-01
8.680925062888913413e-01
8.639078121218051187e-01
8.597749778431607037e-01
8.556941457087023917e-01
8.516654372863488032e-01
8.476889537828451449e-01
8.437647763718130189e-01
8.398929665230743247e-01
8.360735663333347389e-01
8.323065988577187380e-01
8.285920684423733196e-01
8.249299610577784936e-01
8.213202446326661743e-01
8.177628693884915201e-01
8.142577681743308204e-01
8.108048568019157187e-01
8.074040343808488451e-01
8.040551836538978314e-01
8.007581713320204297e-01
7.975128484292806075e-01
7.943190505973478643e-01
7.911765984595784396e-01
7.880852979444639139e-01
7.850449406183725998e-01
7.820553040176365656e-01
7.791161519795674062e-01
7.762272349725019005e-01
7.733882904248869927e-01
7.705990430529667812e-01
7.678592051872865643e-01
7.651684770977239536e-01
7.625265473171454200e-01
7.599330929633889564e-01
7.573877800595988363e-01
7.548902638528407483e-01
7.524401891308272194e-01
7.500371905368404812e-01
7.476808928824879574e-01
7.453709114585967965e-01
7.431068523437641682e-01
7.408883127108248923e-01
7.387148811309558472e-01
7.365861378754364752e-01
7.345016552150818168e-01
7.324609977169889152e-01
7.304637225389218891e-01
7.285093797210107081e-01
7.265975124747364733e-01
7.247276574692742557e-01
7.228993451150269589e-01
7.211120998442845931e-01
7.193654403890438198e-01
7.176588800559374759e-01
7.159919269980820067e-01
7.143640844839744819e-01
7.127748511633199557e-01
7.112237213297645244e-01
7.097101851804146211e-01
7.082337290722726664e-01
7.067938357753923428e-01
7.053899847228101150e-01
7.040216522571629554e-01
7.026883118740587797e-01
7.013894344620392740e-01
7.001244885391813000e-01
6.988929404863811756e-01
6.976942547771507463e-01
6.965278942040001864e-01
6.953933201013401399e-01
6.942899925649839155e-01
6.932173706680784253e-01
6.921749126735684543e-01
6.911620762431169851e-01
6.901783186425256567e-01
6.892230969436378141e-01
6.882958682225408520e-01
6.873960897544394433e-01
6.865232192047516779e-01
6.856767148167993708e-01
6.848560355957947765e-01
6.840606414893155574e-01
6.832899935642307021e-01
6.825435541799435013e-01
6.818207871581954960e-01
6.811211579492207902e-01
6.804441337943131218e-01
6.797891838848773016e-01
6.791557795179504753e-01
6.785433942480448843e-01
6.779515040356445255e-01
6.773795873920188670e-01
6.768271255205264847e-01
6.762936024545448399e-01
6.757785051918037134e-01
6.752813238251850203e-01
6.748015516702090544e-01
6.743386853889978827e-01
6.738922251107415384e-01
6.734616745488801737e-01
6.730465411148064403e-01
6.726463360282854964e-01
6.722605744243563830e-01
6.718887754571087889e-01
6.715304623999855949e-01
6.711851627428901956e-01
6.708524082860216620e-01
6.705317352304918099e-01
6.702226842656128225e-01
6.699248006531921540e-01
6.696376343085260752e-01
6.693607398782939200e-01
6.690936768153954439e-01
6.688360094506602405e-01
6.685873070615437896e-01
6.683471439378350087e-01
6.681150994442924818e-01
6.678907580804374078e-01
6.676737095373321829e-01
6.674635487515316878e-01
6.672598759561464421e-01
6.670622967290955607e-01
6.668704220385963666e-01
6.666838682857851861e-01
6.665022573448031729e-01
6.663252166000122045e-01
6.661523789806417239e-01
6.659833829928346605e-01
6.658178727490585702e-01
6.656554979950337625e-01
6.654959141340375250e-01
6.653387822488930903e-01
6.651837691213724479e-01
6.650305472492992198e-01
6.648787948612169263e-01
6.647281959287898445e-01
6.645784401768372041e-01
6.644292230912378638e-01
6.642802459244607771e-01
6.641312156990709648e-01
6.639818452089630840e-01
6.638318530185997046e-01
6.636809634601157359e-01
6.635289066284763004e-01
6.633754183745393940e-01
6.632202402962120713e-01
6.630631197277636613e-01
6.629038097271798824e-01
6.627420690617134014e-01
6.625776621916559250e-01
6.624103592523130635e-01
6.622399360342617891e-01
6.620661739619848607e-01
6.618888600707713010e-01
6.617077869821206271e-01
6.615227528774505483e-01
6.613335614703603760e-01
6.611400219773690967e-01
6.609419490872117109e-01
6.607391629287191481e-01
6.605314890372729897e-01
6.603187583200118560e-01
6.601008070195590882e-01
6.598774766766618560e-01
6.596486140915258645e-01
6.594140712838507667e-01
6.591737054519222205e-01
6.589273789303020656e-01
6.586749591466617426e-01
6.584163185774266625e-01
6.581513347024733340e-01
6.578798899587445792e-01
6.576018716929933339e-01
6.573171721135844248e-01
6.570256882414071686e-01
6.567273218599114504e-01
6.564219794643835204e-01
6.561095722103593708e-01
6.557900158613916286e-01
6.554632307359568033e-01
6.551291416537849965e-01
6.547876778814993859e-01
6.544387730776144441e-01
6.540823652369733843e-01
6.537183966345401220e-01
6.533468137687968857e-01
6.529675673045054474e-01
6.525806120150525746e-01
6.521859067243735986e-01
6.517834142484141280e-01
6.513731013362316080e-01
6.509549386106665558e-01
6.505289005088696896e-01
6.500949652223012576e-01
6.496531146365667198e-01
6.492033342710457067e-01
6.487456132181523838e-01
6.482799440825599557e-01
6.478063229201690421e-01
6.473247491768892026e-01
6.468352256273732781e-01
6.463377583136541427e-01
6.458323564836647712e-01
6.453190325296664920e-01
6.447978019267976979e-01
6.442686831714476980e-01
6.437316977197681256e-01
6.431868699261599209e-01
6.426342269818305919e-01
6.420737988534754859e-01
6.415056182219786018e-01
6.409297204213376675e-01
6.403461433776471701e-01
6.397549275482583564e-01
6.391561158611523963e-01
6.385497536545284847e-01
6.379358886164898657e-01
6.373145707251568481e-01
6.366858521888290046e-01
6.360497873866024499e-01
6.354064328090873737e-01
6.347558469996109620e-01
6.340980904956300401e-01
6.334332257704455849e-01
6.327613171753805332e-01
6.320824308822600157e-01
6.313966348262348705e-01
6.307039986490423633e-01
6.300045936426643678e-01
6.292984926933973266e-01
6.285857702263288882e-01
6.278665021503354593e-01
6.271407658034300336e-01
6.264086398986219439e-01
6.256702044703177368e-01
6.249255408210485641e-01
6.241747314688894654e-01
6.234178600952834381e-01
6.226550114933009361e-01
6.218862715166448840e-01
6.211117270289723269e-01
6.203314658539295090e-01
6.195455767255746427e-01
6.187541492395374210e-01
6.179572738046048563e-01
6.171550415949998980e-01
6.163475445031001421e-01
6.155348750928769652e-01
6.147171265539094209e-01
6.138943926559108366e-01
6.130667677039527419e-01
6.122343464942786584e-01
6.113972242706894322e-01
6.105554966816213458e-01
6.097092597378274137e-01
6.088586097706425448e-01
6.080036433909052906e-01
6.071444574486154488e-01
6.062811489930273190e-01
6.054138152335938328e-01
6.045425535014297136e-01
6.036674612114503180e-01
6.027886358252119159e-01
6.019061748142897628e-01
6.010201756244649696e-01
6.001307356404053106e-01
5.992379521511408402e-01
5.983419223160972855e-01
5.974427431318103388e-01
5.965405113993305086e-01
5.956353236922723449e-01
5.947272763254511929e-01
5.938164653243362956e-01
5.929029863949287771e-01
5.919869348945278054e-01
5.910684058029721522e-01
5.901474936946610184e-01
5.892242927111270845e-01
5.882988965343330934e-01
5.873713983605265421e-01
5.864418908748353365e-01
5.855104662264969395e-01
5.845772160045907828e-01
5.836422312146216651e-01
5.827056022555275883e-01
5.817674188974537586e-01
5.808277702601578607e-01
5.798867447919211493e-01
5.789444302491622008e-01
5.780009136767176869e-01
5.770562813886183084e-01
5.761106189495347474e-01
5.751640111568344649e-01
5.742165420232413497e-01
5.732682947600411527e-01
5.723193517609056480e-01
5.713697945863869254e-01
5.704197039488082543e-01
5.694691596978863624e-01
5.685182408068746307e-01
5.675670253592641767e-01
5.666155905360567013e-01
5.656640126035497040e-01
5.647123669017756198e-01
5.637607278333531813e-01
5.628091688529779368e-01
5.618577624573655172e-01
5.609065801758205128e-01
5.599556925611743896e-01
5.590051691814310608e-01
5.580550786117499662e-01
5.571054884270087992e-01
5.561564651948378568e-01
5.552080744692070580e-01
5.542603807843757835e-01
5.533134476494289133e-01
5.523673375431985555e-01
5.514221119097150181e-01
5.504778311541033142e-01
5.495345546388783475e-01
5.485923406807095004e-01
5.476512465476579550e-01
5.467113284567758358e-01
5.457726415722135016e-01
5.448352400036214904e-01
5.438991768051129050e-01
5.429645039744592783e-01
5.420312724528258963e-01
5.410995321247966672e-01
5.401693318188615089e-01
5.392407193081836247e-01
5.383137413118184167e-01
5.373884434962293843e-01
5.364648704772008170e-01
5.355430658220481366e-01
5.346230720522689994e-01
5.337049306463415022e-01
5.327886820430621784e-01
5.318743656450319879e-01
5.309620198225456500e-01
5.300516819177361061e-01
5.291433882490719220e-01
5.282371741160590828e-01
5.273330738043163768e-01
5.264311205908716040e-01
5.255313467497215729e-01
5.246337835576814213e-01
5.237384613005148237e-01
5.228454092792270691e-01
5.219546558166812122e-01
5.210662282644049625e-01
5.201801530096482606e-01
5.192964554826262624e-01
5.184151601640585305e-01
5.175362905928263535e-01
5.166598693738563286e-01
5.157859181862599618e-01
5.149144577915674148e-01
5.140455080422088319e-01
5.131790878901634212e-01
5.123152153957538646e-01
5.114539077366443420e-01
5.105951812169380322e-01
5.097390512764817805e-01
5.088855325003019958e-01
5.080346386281613391e-01
5.071863825642336510e-01
5.063407763869987033e-01
5.054978313591403927e-01
5.046575579376445519e-01
5.038199657839561585e-01
5.029850637742591113e-01
5.021528600098825734e-01
5.013233618277613823e-01
5.004965758110034857e-01
4.996725077995114450e-01
4.988511629007769121e-01
4.980325455005858992e-01
4.972166592739541979e-01
4.964035071959912448e-01
4.955930915529382919e-01
4.947854139531587259e-01
4.939804753382696090e-01
4.931782759942046068e-01
4.923788155624180818e-01
4.915820930510506614e-01
4.907881068461515950e-01
4.899968547229628379e-01
4.892083338571168727e-01
4.884225408359923470e-01
4.876394716699245513e-01
4.868591218035431822e-01
4.860814861270725262e-01
4.853065589875992236e-01
4.845343342003741172e-01
4.837648050601038863e-01
4.829979643521923882e-01
4.822338043640017058e-01
4.814723168960324262e-01
4.807134932732135546e-01
4.799573243559660529e-01
4.792038005514344112e-01
4.784529118244911228e-01
4.777046477088877641e-01
4.769589973182550846e-01
4.762159493570059521e-01
4.754754921313586458e-01
4.747376135601551472e-01
4.740023011856784318e-01
4.732695421844450578e-01
4.725393233778669710e-01
4.718116312429403436e-01
4.710864519227304648e-01
4.703637712369742041e-01
4.696435746924224608e-01
4.689258474932741505e-01
4.682105745514083539e-01
4.674977404965813821e-01
4.667873296865842070e-01
4.660793262172475138e-01
4.653737139324288785e-01
4.646704764338520643e-01
4.639695970908916944e-01
4.632710590502631121e-01
4.625748452455865078e-01
4.618809384069695323e-01
4.611893210702735502e-01
4.604999755865678002e-01
4.598128841312472126e-01
4.591280287131105364e-01
4.584453911834170947e-01
4.577649532448005432e-01
4.570866964600087123e-01
4.564106022605797230e-01
4.557366519554623130e-01
4.550648267394759583e-01
4.543951077016585849e-01
4.537274758334635671e-01
4.530619120370245057e-01
4.523983971330205467e-01
4.517369118686676011e-01
4.510774369255471372e-01
4.504199529271726843e-01
4.497644404466653589e-01
4.491108800140959922e-01
4.484592521238707774e-01
4.478095372419720333e-01
4.471617158129421732e-01
4.465157682669395611e-01
4.458716750265883655e-01
4.452294165136718718e-01
4.445889731557589597e-01
4.439503253926911919e-01
4.433134536829771433e-01
4.426783385100180879e-01
4.420449603882823930e-01
4.414132998692389398e-01
4.407833375473333981e-01
4.401550540656733457e-01
4.395284301217537992e-01
4.389034464729458240e-01
4.382800839419019878e-01
4.376583234218741625e-01
4.370381458818289322e-01
4.364195323715517882e-01
4.358024640265648064e-01
4.351869220729134291e-01
4.345728878318799726e-01
4.339603427245769529e-01
4.333492682763473436e-01
4.327396461211562850e-01
4.321314580058014942e-01
4.315246857940503444e-01
4.309193114705676675e-01
4.303153171448511061e-01
4.297126850549534693e-01
4.291113975711944306e-01
4.285114371996563976e-01
4.279127865855943957e-01
4.273154285167981570e-01
4.267193459267766276e-01
4.261245218978417237e-01
4.255309396641382413e-01
4.249385826144967404e-01
4.243474342951692457e-01
4.237574784125592298e-01
4.231686988357789558e-01
4.225810795990772029e-01
4.219946049042035963e-01
4.214092591226694107e-01
4.208250267979056769e-01
4.202418926473043270e-01
4.196598415641686897e-01
4.190788586196078636e-01
4.184989290642251447e-01
4.179200383298632970e-01
4.173421720311222272e-01
4.167653159668368024e-01
4.161894561214846688e-01
