4.627014394795415930e-02
5.062761023069836663e-02
5.770809800097139591e-02
6.842977602590243069e-02
8.363530845112196466e-02
1.040975955898765376e-01
1.305250805613840659e-01
1.635666545987630449e-01
2.038161913658305957e-01
2.517057869733796971e-01
3.059187681934141811e-01
3.650405852200312995e-01
4.279565928307123013e-01
4.937884092271935810e-01
5.618437811913027380e-01
6.315770891535978926e-01
7.025582341000582431e-01
7.744481274660955927e-01
8.469793826869858044e-01
9.199411044738193821e-01
9.931669061678135568e-01
1.066525470088278027e+00
1.139913111182876193e+00
1.213247918825803406e+00
1.286465141838667670e+00
1.359513552888970134e+00
1.432352584416091146e+00
1.504950072346054935e+00
1.577280478606093883e+00
1.649323490824954996e+00
1.721062919170124328e+00
1.792485827261647957e+00
1.863581847485326293e+00
1.934342641570894639e+00
2.004761475606172905e+00
2.074832885200912358e+00
2.144552411668264824e+00
2.213916394152144917e+00
2.282921805827377248e+00
2.351566124819315373e+00
2.419847232474646503e+00
2.487763333178841130e+00
2.555312891147591081e+00
2.622494580590018387e+00
2.689307246405924445e+00
2.755749873181597920e+00
2.821821560723122513e+00
2.887521504739878786e+00
2.952848981585351584e+00
3.017803336194298858e+00
3.082383972538057293e+00
3.146590346063691257e+00
3.210421957696092843e+00
3.273878349071457361e+00
3.336959098740935659e+00
3.399663819138695864e+00
3.461992154152297552e+00
3.523943777167685365e+00
3.585518389488207447e+00
3.646715719048412740e+00
3.707535519360208642e+00
3.767977568642193020e+00
3.828041669093432020e+00
3.887727646281157412e+00
3.947035348618352923e+00
4.005964646912285154e+00
4.064515433969067004e+00
4.122687624242502125e+00
4.180481153517948911e+00
4.237895978623926752e+00
4.294932077165701578e+00
4.351589447276348110e+00
4.407868107381709422e+00
4.463768095976458739e+00
4.519289471409047465e+00
4.574432311673803042e+00
4.629196714208804408e+00
4.683582795698455037e+00
4.737590691879908000e+00
4.791220557352670717e+00
4.844472565390868901e+00
4.897346907757745171e+00
4.949843794522081453e+00
5.001963453876277832e+00
5.053706131955888914e+00
5.105072092660466687e+00
5.156061617475578451e+00
5.206675005295903880e+00
5.256912572249339277e+00
5.306774651522045971e+00
5.356261593184398428e+00
5.405373764017792126e+00
5.454111547342290756e+00
5.502475342845084327e+00
5.550465566409742202e+00
5.598082649946253042e+00
5.645327041221836595e+00
5.692199203692524634e+00
5.738699616335502185e+00
5.784828773482206365e+00
5.830587184652180177e+00
5.875975374387680361e+00
5.920993882089038429e+00
5.965643261850772205e+00
6.009924082298446102e+00
6.053836926426289011e+00
6.097382391435559157e+00
6.140561088573663895e+00
6.183373642974032691e+00
6.225820693496742386e+00
6.267902892569900963e+00
6.309620906031782717e+00
6.350975412973724588e+00
6.391967105583777453e+00
6.432596688991115030e+00
6.472864881111206614e+00
6.512772412491744767e+00
6.552320026159337729e+00
6.591508477466963001e+00
6.630338533942183865e+00
6.668810975136128860e+00
6.706926592473235971e+00
6.744686189101759766e+00
6.782090579745048586e+00
6.819140590553583792e+00
6.855837058957785501e+00
6.892180833521589278e+00
6.928172773796786643e+00
6.963813750178134754e+00
6.999104643759237021e+00
7.034046346189186671e+00
7.068639759529986577e+00
7.102885796114732919e+00
7.136785378406569791e+00
7.170339438858413850e+00
7.203548919773451686e+00
7.236414773166400138e+00
7.268937960625543759e+00
7.301119453175537011e+00
7.332960231140980056e+00
7.364461284010763720e+00
7.395623610303180939e+00
7.426448217431811827e+00
7.456936121572177889e+00
7.487088347529160970e+00
7.516905928605199350e+00
7.546389906469242348e+00
7.575541331026482972e+00
7.604361260288852620e+00
7.632850760246284949e+00
7.661010904738746241e+00
7.688842775329034041e+00
7.716347461176342293e+00
7.743526058910588539e+00
7.770379672507511160e+00
7.796909413164525127e+00
7.823116399177348690e+00
7.849001755817386794e+00
7.874566615209880993e+00
7.899812116212818758e+00
7.924739404296605727e+00
7.949349631424497353e+00
7.973643955933787275e+00
7.997623542417757747e+00
8.021289561608387686e+00
8.044643190259812116e+00
8.067685611032544557e+00
8.090418012378449930e+00
8.112841588426469741e+00
8.134957538869102223e+00
8.156767068849637425e+00
8.178271388850133050e+00
8.199471714580148785e+00
8.220369266866224933e+00
8.240965271542110671e+00
8.261260959339731258e+00
8.281257565780906660e+00
8.300956331069812677e+00
8.320358499986179268e+00
8.339465321779234941e+00
8.358278050062390108e+00
8.376797942708650524e+00
8.395026261746778573e+00
8.412964273258181080e+00
8.430613247274536093e+00
8.447974457676147964e+00
8.465049182091034297e+00
8.481838701794744750e+00
8.498344301610902818e+00
8.514567269812479466e+00
8.530508898023786202e+00
8.546170481123189333e+00
8.561553317146554321e+00
8.576658707191404218e+00
8.591487955321790437e+00
8.606042368473890036e+00
8.620323256362315334e+00
8.634331931387125181e+00
8.648069708541566314e+00
8.661537905320505715e+00
8.674737841629584167e+00
8.687670839695064373e+00
8.700338223974393159e+00
8.712741321067456468e+00
8.724881459628539560e+00
8.736759970278987097e+00
8.748378185520554240e+00
8.759737439649455837e+00
8.770839068671104855e+00
8.781684410215545356e+00
8.792274803453569376e+00
8.802611589013526583e+00
8.812696108898810721e+00
8.822529706406033512e+00
8.832113726043878899e+00
8.841449513452632303e+00
8.850538415324388453e+00
8.859381779323934225e+00
8.867980954010299399e+00
8.876337288758982424e+00
8.884452133684842323e+00
8.892326839565653174e+00
8.899962757766324728e+00
8.907361240163787386e+00
8.914523639072527317e+00
8.921451307170785938e+00
8.928145597427414870e+00
8.934607863029375707e+00
8.940839457309895266e+00
8.946841733677270980e+00
8.952616045544315782e+00
8.958163746258451354e+00
8.963486189032437323e+00
8.968584726875745261e+00
8.973460712526563299e+00
8.978115498384440230e+00
8.982550436443556663e+00
8.986766878226628563e+00
8.990766174719432513e+00
8.994549676305966912e+00
8.998118732704222467e+00
9.001474692902577956e+00
9.004618905096817727e+00
9.007552716627754918e+00
9.010277473919476421e+00
9.012794522418193566e+00
9.015105206531700333e+00
9.017210869569433740e+00
9.019112853683145303e+00
9.020812499808165796e+00
9.022311147605272197e+00
9.023610135403147936e+00
9.024710800141431122e+00
9.025614477314366724e+00
9.026322500915027192e+00
9.026836203380140589e+00
9.027156915535481829e+00
9.027285966541857221e+00
9.027224683841657438e+00
9.026974393105996697e+00
9.026536418182411481e+00
9.025912081043143687e+00
9.025102701733976218e+00
9.024109598323645898e+00
9.022934086853814151e+00
9.021577481289597245e+00
9.020041093470650750e+00
9.018326233062818886e+00
9.016434207510320320e+00
9.014366321988502406e+00
9.012123879357123002e+00
9.009708180114191833e+00
9.007120522350344771e+00
9.004362201703763446e+00
9.001434511315624221e+00
8.998338741786085393e+00
8.995076181130809090e+00
8.991648114738001851e+00
8.988055825325989900e+00
8.984300592901318439e+00
8.980383694717360754e+00
8.976306405233460239e+00
8.972069996074575116e+00
8.967675735991447183e+00
8.963124890821267954e+00
8.958418723448867027e+00
8.953558493768390747e+00
8.948545458645494222e+00
8.943380871880028948e+00
8.938065984169226041e+00
8.932602043071373288e+00
8.926990292969991359e+00
8.921231975038487860e+00
8.915328327205303438e+00
8.909280584119544599e+00
8.903089977117090825e+00
8.896757734187184852e+00
8.890285079939500790e+00
8.883673235571674098e+00
8.876923418837316504e+00
8.870036844014489219e+00
8.863014721874645119e+00
8.855858259652029219e+00
8.848568661013546333e+00
8.841147126029078152e+00
8.833594851142258619e+00
8.825913029141704058e+00
8.818102849132683829e+00
8.810165496509247518e+00
8.802102152926789103e+00
8.793913996275053435e+00
8.785602200651585036e+00
8.777167936335612097e+00
8.768612369762355030e+00
8.759936663497780884e+00
8.751141976213771656e+00
8.742229462663727801e+00
8.733200273658589197e+00
8.724055556043278870e+00
8.714796452673562399e+00
8.705424102393322983e+00
8.695939640012248617e+00
8.686344196283933172e+00
8.676638897884375368e+00
8.666824867390889864e+00
8.656903223261416258e+00
8.646875079814233089e+00
8.636741547208059089e+00
8.626503731422557664e+00
8.616162734239225074e+00
8.605719653222672960e+00
8.595175581702298118e+00
8.584531608754325305e+00
8.573788819184249732e+00
8.562948293509638376e+00
8.552011107943318535e+00
8.540978334376941206e+00
8.529851040364905046e+00
8.518630289108662268e+00
8.507317139441376241e+00
8.495912645812952135e+00
8.484417858275426383e+00
8.472833822468711418e+00
8.461161579606695682e+00
8.449402166463698904e+00
8.437556615361282653e+00
8.425625954155394837e+00
8.413611206223874817e+00
8.401513390454292463e+00
8.389333521232128277e+00
8.377072608429298128e+00
8.364731657393004838e+00
8.352311668934929045e+00
8.339813639320743377e+00
8.327238560259962341e+00
8.314587418896117299e+00
8.301861197797245850e+00
8.289060874946713398e+00
8.276187423734345572e+00
8.263241812947873299e+00
8.250225006764702940e+00
8.237137964743984853e+00
8.223981641818999933e+00
8.210756988289844571e+00
8.197464949816424706e+00
8.184106467411748298e+00
8.170682477435514457e+00
8.157193911588006330e+00
8.143641696904271754e+00
8.130026755748591683e+00
8.116350005809252366e+00
8.102612360093585764e+00
8.088814726923313714e+00
8.074958009930153224e+00
8.061043108051723749e+00
8.047070915527713808e+00
8.033042321896330051e+00
8.018958211991023433e+00
8.004819465937478284e+00
7.990626959150870512e+00
7.976381562333397568e+00
7.962084141472067778e+00
7.947735557836748121e+00
7.933336667978478474e+00
7.918888323728035417e+00
7.904391372194754517e+00
7.889846655765603956e+00
7.875255012104507735e+00
7.860617274151916689e+00
7.845934270124625520e+00
7.831206823515832305e+00
7.816435753095438699e+00
7.801621872910590838e+00
7.786765992286456495e+00
7.771868915827233160e+00
7.756931443417393268e+00
7.741954370223156801e+00
7.726938486694193031e+00
7.711884578565545212e+00
7.696793426859783516e+00
7.681665807889373809e+00
7.666502493259272022e+00
7.651304249869729901e+00
7.636071839919320148e+00
7.620806020908170275e+00
7.605507545641412293e+00
7.590177162232835784e+00
7.574815614108753259e+00
7.559423640012065349e+00
7.544001974006531164e+00
7.528551345481236723e+00
7.513072479155264105e+00
7.497566095082557780e+00
7.482032908656980119e+00
7.466473630617566748e+00
7.450888967053963974e+00
7.435279619412062502e+00
7.419646284499808786e+00
7.403989654493210004e+00
7.388310416942514003e+00
7.372609254778571319e+00
7.356886846319378392e+00
7.341143865276793967e+00
7.325380980763432248e+00
7.309598857299723917e+00
7.293798154821155677e+00
7.277979528685670552e+00
7.262143629681239609e+00
7.246291104033595332e+00
7.230422593414132848e+00
7.214538734947965715e+00
7.198640161222146006e+00
7.182727500294039835e+00
7.166801375699857424e+00
7.150862406463336818e+00
7.134911207104583042e+00
7.118948387649050247e+00
7.102974553636680177e+00
7.086990306131179196e+00
7.070996241729444520e+00
7.054992952571132570e+00
7.038981026348366754e+00
7.022961046315583822e+00
7.006933591299521424e+00
6.990899235709335358e+00
6.974858549546857134e+00
6.958812098416977676e+00
6.942760443538165127e+00
6.926704141753111443e+00
6.910643745539502447e+00
6.894579803020915776e+00
6.878512857977842287e+00
6.862443449858830036e+00
6.846372113791745484e+00
6.830299380595154624e+00
6.814225776789823108e+00
6.798151824610327409e+00
6.782078042016784103e+00
6.766004942706685732e+00
6.749933036126853025e+00
6.733862827485491032e+00
6.717794817764353610e+00
6.701729503731014503e+00
6.685667377951240553e+00
6.669608928801469716e+00
6.653554640481385896e+00
6.637504993026598576e+00
6.621460462321413054e+00
6.605421520111702804e+00
6.589388634017874224e+00
6.573362267547921967e+00
6.557342880110581973e+00
6.541330927028566222e+00
6.525326859551894287e+00
6.509331124871304830e+00
6.493344166131758577e+00
6.477366422446020344e+00
6.461398328908328104e+00
6.445440316608139319e+00
6.429492812643960775e+00
6.413556240137253006e+00
6.397631018246413781e+00
6.381717562180837966e+00
6.365816283215049332e+00
6.349927588702906078e+00
6.334051882091875640e+00
6.318189562937384984e+00
6.302341026917232192e+00
6.286506665846071762e+00
6.270686867689959421e+00
6.254882016580967097e+00
6.239092492831858294e+00
6.223318672950824748e+00
6.207560929656287030e+00
6.191819631891749331e+00
6.176095144840714646e+00
6.160387829941659454e+00
6.144698044903059042e+00
6.129026143718468767e+00
6.113372476681658618e+00
6.097737390401798407e+00
6.082121227818696241e+00
6.066524328218081408e+00
6.050947027246937893e+00
6.035389656928884072e+00
6.019852545679598599e+00
6.004336018322288915e+00
5.988840396103205066e+00
5.973365996707192593e+00
5.957913134273288946e+00
5.942482119410356312e+00
5.927073259212755296e+00
5.911686857276055918e+00
5.896323213712784117e+00
5.880982625168200251e+00
5.865665384836117546e+00
5.850371782474747206e+00
5.835102104422579039e+00
5.819856633614291397e+00
5.804635649596689539e+00
5.789439428544675081e+00
5.774268243277239421e+00
5.759122363273483813e+00
5.744002054688668757e+00
5.728907580370281138e+00
5.713839199874129804e+00
5.698797169480460667e+00
5.683781742210092247e+00
5.668793167840572522e+00
5.653831692922356211e+00
5.638897560794994490e+00
5.623991011603349577e+00
5.609112282313817310e+00
5.594261606730572822e+00
5.579439215511823313e+00
5.564645336186077706e+00
5.549880193168426956e+00
5.535144007776836794e+00
5.520436998248451133e+00
5.505759379755902572e+00
5.491111364423632679e+00
5.476493161344222038e+00
5.461904976594721184e+00
5.447347013252994863e+00
5.432819471414063628e+00
5.418322548206456979e+00
5.403856437808561175e+00
5.389421331464977705e+00
5.375017417502877315e+00
5.360644881348356705e+00
5.346303905542795221e+00
5.331994669759210659e+00
5.317717350818611521e+00
5.303472122706347491e+00
5.289259156588457245e+00
5.275078620828010045e+00
5.260930681001444675e+00
5.246815499914899483e+00
5.232733237620537992e+00
5.218684051432865623e+00
5.204668095945040207e+00
5.190685523045170058e+00
5.176736481932606715e+00
5.162821119134221703e+00
5.148939578520677074e+00
5.135092001322683508e+00
5.121278526147240662e+00
5.107499288993870401e+00
5.093754423270834053e+00
5.080044059811330115e+00
5.066368326889684859e+00
5.052727350237519843e+00
5.039121253059906103e+00
5.025550156051498796e+00
5.012014177412656757e+00
4.998513432865538952e+00
4.985048035670184952e+00
4.971618096640573192e+00
4.958223724160659707e+00
4.944865024200396419e+00
4.931542100331722800e+00
4.918255053744540639e+00
4.905003983262663070e+00
4.891788985359737829e+00
4.878610154175150981e+00
4.865467581529898666e+00
4.852361356942441972e+00
4.839291567644527170e+00
4.826258298596983742e+00
4.813261632505495768e+00
4.800301649836341333e+00
4.787378428832109734e+00
4.774492045527383155e+00
4.761642573764392594e+00
4.748830085208643581e+00
4.736054649364509928e+00
4.723316333590799054e+00
4.710615203116280902e+00
4.697951321055191087e+00
4.685324748422695862e+00
4.672735544150326881e+00
4.660183765101383990e+00
4.647669466086298939e+00
4.635192699877968003e+00
4.622753517227051745e+00
4.610351966877233920e+00
4.597988095580448409e+00
4.585661948112068842e+00
4.573373567286060926e+00
4.561122993970097461e+00
4.548910267100638727e+00
4.536735423697970226e+00
4.524598498881202246e+00
4.512499525883235663e+00
4.500438536065683337e+00
4.488415558933754212e+00
4.476430622151093885e+00
4.464483751554590540e+00
4.452574971169135587e+00
4.440704303222343441e+00
4.428871768159231337e+00
4.417077384656854733e+00
4.405321169638902745e+00
4.393603138290250953e+00
4.381923304071468017e+00
4.370281678733280550e+00
4.358678272330997139e+00
4.347113093238881731e+00
4.335586148164490616e+00
4.324097442162956106e+00
4.312646978651232921e+00
4.301234759422293052e+00
4.289860784659279780e+00
4.278525052949611052e+00
4.267227561299040239e+00
4.255968305145668040e+00
4.244747278373909971e+00
4.233564473328411459e+00
4.222419880827922967e+00
4.211313490179120045e+00
4.200245289190380760e+00
4.189215264185511600e+00
4.178223400017426314e+00
4.167269680081775007e+00
4.156354086330524389e+00
4.145476599285490948e+00
4.134637198051819951e+00
4.123835860331420022e+00
4.113072562436342672e+00
4.102347279302115624e+00
4.091659984501021974e+00
4.081010650255334049e+00
4.070399247450488645e+00
4.059825745648218742e+00
4.049290113099630162e+00
4.038792316758225809e+00
4.028332322292880185e+00
4.017910094100762386e+00
4.007525595320204914e+00
3.997178787843521430e+00
3.986869632329772539e+00
3.976598088217478733e+00
3.966364113737278707e+00
3.956167665924537058e+00
3.946008700631898680e+00
3.935887172541788104e+00
3.925803035178857314e+00
3.915756240922378506e+00
3.905746741018584434e+00
3.895774485592954584e+00
3.885839423662446279e+00
3.875941503147672496e+00
3.866080670885025938e+00
3.856256872638748057e+00
3.846470053112942988e+00
3.836720155963539103e+00
3.827007123810192368e+00
3.817330898248138205e+00
3.807691419859986048e+00
3.798088628227461072e+00
3.788522461943088171e+00
3.778992858621822659e+00
3.769499754912625011e+00
3.760043086509980093e+00
3.750622788165361321e+00
3.741238793698637988e+00
3.731891036009429286e+00
3.722579447088400162e+00
3.713303958028502549e+00
3.704064499036160640e+00
3.694860999442400651e+00
3.685693387713923741e+00
3.676561591464122980e+00
3.667465537464045244e+00
3.658405151653295384e+00
3.649380359150886655e+00
3.640391084266031196e+00
3.631437250508878556e+00
3.622518780601194255e+00
3.613635596486984181e+00
3.604787619343062133e+00
3.595974769589560971e+00
3.587196966900386030e+00
3.578454130213615247e+00
3.569746177741838888e+00
3.561073026982445988e+00
3.552434594727853057e+00
3.543830797075675942e+00
3.535261549438846629e+00
3.526726766555671411e+00
3.518226362499834892e+00
3.509760250690344918e+00
3.501328343901424223e+00
3.492930554272342558e+00
3.484566793317194211e+00
3.476236971934618669e+00
3.467941000417464448e+00
3.459678788462397403e+00
3.451450245179451315e+00
3.443255279101523847e+00
3.435093798193814330e+00
3.426965709863206477e+00
3.418870920967594706e+00
3.410809337825154053e+00
3.402780866223554135e+00
3.394785411429116273e+00
3.386822878195915099e+00
3.378893170774824650e+00
3.370996192922506740e+00
3.363131847910345140e+00
3.355300038533323814e+00
3.347500667118847417e+00
3.339733635535507617e+00
3.331998845201794346e+00
3.324296197094749328e+00
3.316625591758565861e+00
3.308986929313130876e+00
3.301380109462515033e+00
3.293805031503403757e+00
3.286261594333475422e+00
3.278749696459723140e+00
3.271269236006721481e+00
3.263820110724838575e+00
3.256402217998392690e+00
3.249015454853755092e+00
3.241659717967395604e+00
3.234334903673876660e+00
3.227040907973789619e+00
3.219777626541638682e+00
3.212544954733669300e+00
3.205342787595643284e+00
3.198171019870557963e+00
3.191029546006312057e+00
3.183918260163318692e+00
3.176837056222061584e+00
3.169785827790600141e+00
3.162764468212020397e+00
3.155772870571829980e+00
3.148810927705302021e+00
3.141878532204765317e+00
3.134975576426840327e+00
3.128101952499621863e+00
3.121257552329809837e+00
3.114442267609786708e+00
3.107655989824641196e+00
3.100898610259140042e+00
3.094170020004647359e+00
3.087470109965990694e+00
3.080798770868276026e+00
3.074155893263649020e+00
3.067541367538006103e+00
3.060955083917650921e+00
3.054396932475902382e+00
3.047866803139648084e+00
3.041364585695847556e+00
3.034890169797983539e+00
3.028443444972463539e+00
3.022024300624967186e+00
3.015632626046746534e+00
3.009268310420871728e+00
3.002931242828428715e+00
2.996621312254665437e+00
2.990338407595086956e+00
2.984082417661500841e+00
2.977853231188013705e+00
2.971650736836975781e+00
2.965474823204876209e+00
2.959325378828189912e+00
2.953202292189173406e+00
2.947105451721611757e+00
2.941034745816517137e+00
2.934990062827777635e+00
2.928971291077756334e+00
2.922978318862843761e+00
2.917011034458959262e+00
2.911069326127007528e+00
2.905153082118281826e+00
2.899262190679824602e+00
2.893396540059735678e+00
2.887556018512435596e+00
2.881740514303880119e+00
2.875949915716727645e+00
2.870184111055459120e+00
2.864442988651451749e+00
2.858726436868003873e+00
2.853034344105315867e+00
2.847366598805421312e+00
2.841723089457074636e+00
2.836103704600591247e+00
2.830508332832641027e+00
2.824936862810996985e+00
2.819389183259238152e+00
2.813865182971405421e+00
2.808364750816615185e+00
2.802887775743624132e+00
2.797434146785351405e+00
2.792003753063355909e+00
2.786596483792267431e+00
2.781212228284174248e+00
2.775850875952967645e+00
2.770512316318640256e+00
2.765196439011540885e+00
2.759903133776587580e+00
2.754632290477434964e+00
2.749383799100598047e+00
2.744157549759535186e+00
2.738953432698685742e+00
2.733771338297465991e+00
2.728611157074221971e+00
2.723472779690141010e+00
2.718356096953118861e+00
2.713260999821586417e+00
2.708187379408295126e+00
2.703135126984058001e+00
2.698104133981451991e+00
2.693094291998477718e+00
2.688105492802178365e+00
2.683137628332216806e+00
2.678190590704413232e+00
2.673264272214242343e+00
2.668358565340287925e+00
2.663473362747659667e+00
2.658608557291370023e+00
2.653764042019668867e+00
2.648939710177340867e+00
2.644135455208962870e+00
2.639351170762120891e+00
2.634586750690590229e+00
2.629842089057474741e+00
2.625117080138308800e+00
2.620411618424119293e+00
2.615725598624452086e+00
2.611058915670356750e+00
2.606411464717337090e+00
2.601783141148260814e+00
2.597173840576233683e+00
2.592583458847436351e+00
2.588011892043923012e+00
2.583459036486384086e+00
2.578924788736871143e+00
2.574409045601487200e+00
2.569911704133038821e+00
2.565432661633652689e+00
2.560971815657356210e+00
2.556529064012623031e+00
2.552104304764883036e+00
2.547697436238994584e+00
2.543308357021685673e+00
2.538936965963956016e+00
2.534583162183448035e+00
2.530246845066780548e+00
2.525927914271848707e+00
2.521626269730091519e+00
2.517341811648723393e+00
2.513074440512931496e+00
2.508824057088042014e+00
2.504590562421650457e+00
2.500373857845721304e+00
2.496173844978651246e+00
2.491990425727303560e+00
2.487823502289005617e+00
2.483672977153518424e+00
2.479538753104970628e+00
2.475420733223761438e+00
2.471318820888432022e+00
2.467232919777505362e+00
2.463162933871294147e+00
2.459108767453677569e+00
2.455070325113847485e+00
2.451047511748022600e+00
2.447040232561133344e+00
2.443048393068475654e+00
2.439071899097333684e+00
2.435110656788574079e+00
2.431164572598208284e+00
2.427233553298926871e+00
2.423317505981604558e+00
2.419416338056773252e+00
2.415529957256069338e+00
2.411658271633649431e+00
2.407801189567578160e+00
2.403958619761188853e+00
2.400130471244413144e+00
2.396316653375084371e+00
2.392517075840212559e+00
2.388731648657230977e+00
2.384960282175215163e+00
2.381202887076076191e+00
2.377459374375723744e+00
2.373729655425205198e+00
2.370013641911814517e+00
2.366311245860178047e+00
2.362622379633311009e+00
2.358946955933649114e+00
2.355284887804053540e+00
2.351636088628789700e+00
2.348000472134481598e+00
2.344377952391038189e+00
2.340768443812557553e+00
2.337171861158202191e+00
2.333588119533052563e+00
2.330017134388934430e+00
2.326458821525220433e+00
2.322913097089609469e+00
2.319379877578880311e+00
2.315859079839621248e+00
2.312350621068936185e+00
2.308854418815126319e+00
2.305370390978349171e+00
2.301898455811254074e+00
2.298438531919593686e+00
2.294990538262813740e+00
2.291554394154617480e+00
2.288130019263511006e+00
2.284717333613323298e+00
2.281316257583705376e+00
2.277926711910606361e+00
2.274548617686728225e+00
2.271181896361958330e+00
2.267826469743781548e+00
2.264482259997668834e+00
2.261149189647446267e+00
2.257827181575642772e+00
2.254516159023815636e+00
2.251216045592857817e+00
2.247926765243281721e+00
2.244648242295484319e+00
2.241380401429992286e+00
2.238123167687686266e+00
2.234876466470005152e+00
2.231640223539131274e+00
2.228414365018156040e+00
2.225198817391225603e+00
2.221993507503667420e+00
2.218798362562099058e+00
2.215613310134516123e+00
2.212438278150362869e+00
2.209273194900583270e+00
2.206117989037655658e+00
2.202972589575606044e+00
2.199836925890006789e+00
2.196710927717954398e+00
2.193594525158032216e+00
2.190487648670253140e+00
2.187390229075986792e+00
2.184302197557868919e+00
2.181223485659692596e+00
2.178154025286284767e+00
2.175093748703363694e+00
2.172042588537381747e+00
2.169000477775349989e+00
2.165967349764648553e+00
2.162943138212818805e+00
2.159927777187340414e+00
2.156921201115393316e+00
2.153923344783603255e+00
2.150934143337771332e+00
2.147953532282589784e+00
2.144981447481340453e+00
2.142017825155580812e+00
2.139062601884812675e+00
2.136115714606136695e+00
2.133177100613894428e+00
2.130246697559293079e+00
2.127324443450017366e+00
2.124410276649827178e+00
2.121504135878141462e+00
2.118605960209607009e+00
2.115715689073655703e+00
2.112833262254045774e+00
2.109958619888392395e+00
2.107091702467682293e+00
2.104232450835776369e+00
2.101380806188900774e+00
2.098536710075122436e+00
2.095700104393813934e+00
2.092870931395105494e+00
2.090049133679324100e+00
2.087234654196420625e+00
