-4.129684799236244680e-02
-4.103289494099421342e-02
-3.842225722996409076e-02
-3.251459771637540269e-02
-2.243753580020076827e-02
-7.390721174264714907e-03
1.335964425461764159e-02
4.048587015354562085e-02
7.460345857952316306e-02
1.162754307750267502e-01
1.660163267060678072e-01
2.242959020825353034e-01
2.915425457304095525e-01
3.681464384566206505e-01
4.544624729491965054e-01
5.508129527780246670e-01
6.574900871959119542e-01
7.747582971772167815e-01
9.028563469643532402e-01
1.041999314313706959e+00
1.192310411635291167e+00
1.352827771498642973e+00
1.522662876174906588e+00
1.700995009351238041e+00
1.887066127283224315e+00
2.080176117678056436e+00
2.279678416998085488e+00
2.484975959090093500e+00
2.695517430093810951e+00
2.910758985834779544e+00
3.129630972510777376e+00
3.350610442915541665e+00
3.572296347522196935e+00
3.793400282977319016e+00
4.012737940156107186e+00
4.229221198894689948e+00
4.441850820513328912e+00
4.649709692939815397e+00
4.851956586658525694e+00
5.047820382868520639e+00
5.236594738153289796e+00
5.417644139516041513e+00
5.590593790852799394e+00
5.755689545304840671e+00
5.913184939358922421e+00
6.063338055003741900e+00
6.206408932381727084e+00
6.342657448462457381e+00
6.472341589759996516e+00
6.595716057784439812e+00
6.713031155024551389e+00
6.824531907031084366e+00
6.930457382803793642e+00
7.031040181345421303e+00
7.126506057075074452e+00
7.217073660912655342e+00
7.302954377359089477e+00
7.384352240892431141e+00
7.461463917553258440e+00
7.534478739768665889e+00
7.603578784317789996e+00
7.668938984920408153e+00
7.730727272273901995e+00
7.789104735507267563e+00
7.844225799993226111e+00
7.896238417285958100e+00
7.945284263653975998e+00
7.991498944273497607e+00
8.035012200652994707e+00
8.075948119287733817e+00
8.114425339905494639e+00
8.150557261970979184e+00
8.184452248375015060e+00
8.216213825452623354e+00
8.245940878657394890e+00
8.273727843373558599e+00
8.299664890476085688e+00
8.323838106356854283e+00
8.346329667224560822e+00
8.367218007560408566e+00
8.386577982672966058e+00
8.404481025345997836e+00
8.420995296614135484e+00
8.436185830734526547e+00
8.450114674449229923e+00
8.462841020654154889e+00
8.474421336606745569e+00
8.484909486817032942e+00
8.494356850775851342e+00
8.502812435680434433e+00
8.510322984321765816e+00
8.516933078300324311e+00
8.522685236737578052e+00
8.527620010650059257e+00
8.531776073151272399e+00
8.535190305644274389e+00
8.537897880164752706e+00
8.539932338030808978e+00
8.541325664951727958e+00
8.542108362743739747e+00
8.542309517796306650e+00
8.541956866427863559e+00
8.541076857265226252e+00
8.539694710776164044e+00
8.537834476079890322e+00
8.535519085155510055e+00
8.532770404563857269e+00
8.529609284793545854e+00
8.526055607337637454e+00
8.522128329602928432e+00
8.517845527749647871e+00
8.513224437555228619e+00
8.508281493391821826e+00
8.503032365403379700e+00
8.497491994964406103e+00
8.491674628498874000e+00
8.485593849734387462e+00
8.479262610463305094e+00
8.472693259879374494e+00
8.465897572555357797e+00
8.458886775124197399e+00
8.451671571723428755e+00
8.444262168259879076e+00
8.436668295549079488e+00
8.428899231381365098e+00
8.420963821564249940e+00
8.412870499988418516e+00
8.404627307762492450e+00
8.396241911459677354e+00
8.387721620517412546e+00
8.379073403829240263e+00
8.370303905566341740e+00
8.361419460264428949e+00
8.352426107210053630e+00
8.343329604158824964e+00
8.334135440416513774e+00
8.324848849312612487e+00
8.315474820094516772e+00
8.306018109269244221e+00
8.296483251418305116e+00
8.286874569510199962e+00
8.277196184733845996e+00
8.267452025875192234e+00
8.257645838258223847e+00
8.247781192270583261e+00
8.237861491493099209e+00
8.227889980451626784e+00
8.217869752008724049e+00
8.207803754411902020e+00
8.197694798014405038e+00
8.187545561683725381e+00
8.177358598912352505e+00
8.167136343644608942e+00
8.156881115832733897e+00
8.146595126734819559e+00
8.136280483966578103e+00
8.125939196318373803e+00
8.115573178348437722e+00
8.105184254762656693e+00
8.094774164590848642e+00
8.084344565168986918e+00
8.073897035936386857e+00
8.063433082056452150e+00
8.052954137869177131e+00
8.042461570183222719e+00
8.031956681415026722e+00
8.021440712582041499e+00
8.010914846156895308e+00
8.000380208788920200e+00
7.989837873899227283e+00
7.979288864155190453e+00
7.968734153829949207e+00
7.958174671052275606e+00
7.947611299951891972e+00
7.937044882705103888e+00
7.926476221485375007e+00
7.915906080323266814e+00
7.905335186879950626e+00
7.894764234138308190e+00
7.884193882015449795e+00
7.873624758900305665e+00
7.863057463119763391e+00
7.852492564336684744e+00
7.841930604882952238e+00
7.831372101030576793e+00
7.820817544203734428e+00
7.810267402134489778e+00
7.799722119964807021e+00
7.789182121297356431e+00
7.778647809197491547e+00
7.768119567148666249e+00
7.757597759963454465e+00
7.747082734652234848e+00
7.736574821251511302e+00
7.726074333613741629e+00
7.715581570160463976e+00
7.705096814600424615e+00
7.694620336614338640e+00
7.684152392507827223e+00
7.673693225834013809e+00
7.663243067987191459e+00
7.652802138768899809e+00
7.642370646927697742e+00
7.631948790673853900e+00
7.621536758170117665e+00
7.611134727999687044e+00
7.600742869612426844e+00
7.590361343750354983e+00
7.579990302853349959e+00
7.569629891446012948e+00
7.559280246506545176e+00
7.548941497818488777e+00
7.538613768306118068e+00
7.528297174354245058e+00
7.517991826113166631e+00
7.507697827789435507e+00
7.497415277923123789e+00
7.487144269652196371e+00
7.476884890964601738e+00
7.466637224938645900e+00
7.456401349972197501e+00
7.446177340001237432e+00
7.435965264708256584e+00
7.425765189720963555e+00
7.415577176801760650e+00
7.405401284028415354e+00
7.395237565966331417e+00
7.385086073832814790e+00
7.374946855653709221e+00
7.364819956412746116e+00
7.354705418193956845e+00
7.344603280317465455e+00
7.334513579468970867e+00
7.324436349823208126e+00
7.314371623161676439e+00
7.304319428984890727e+00
7.294279794619417778e+00
7.284252745319937716e+00
7.274238304366560826e+00
7.264236493157620878e+00
7.254247331298157242e+00
7.244270836684281178e+00
7.234307025583623485e+00
7.224355912712040251e+00
7.214417511306753461e+00
7.204491833196094319e+00
7.194578888865998501e+00
7.184678687523418539e+00
7.174791237156780355e+00
7.164916544593634917e+00
7.155054615555624942e+00
7.145205454710901627e+00
7.135369065724098014e+00
7.125545451303985978e+00
7.115734613248910989e+00
7.105936552490117464e+00
7.096151269133061490e+00
7.086378762496796213e+00
7.076619031151534678e+00
7.066872072954456740e+00
7.057137885083857753e+00
7.047416464071706521e+00
7.037707805834688024e+00
7.028011905703804629e+00
7.018328758452598848e+00
7.008658358324063364e+00
6.999000699056302288e+00
6.989355773906992475e+00
6.979723575676715086e+00
6.970104096731193799e+00
6.960497329022503621e+00
6.950903264109292046e+00
6.941321893176056079e+00
6.931753207051526644e+00
6.922197196226195004e+00
6.912653850869023842e+00
6.903123160843380290e+00
6.893605115722228227e+00
6.884099704802612685e+00
6.874606917119470140e+00
6.865126741458794868e+00
6.855659166370193347e+00
6.846204180178855125e+00
6.836761770996964138e+00
6.827331926734577117e+00
6.817914635110000177e+00
6.808509883659676909e+00
6.799117659747620834e+00
6.789737950574401104e+00
6.780370743185716975e+00
6.771016024480567275e+00
6.761673781219044166e+00
6.752344000029755655e+00
6.743026667416910591e+00
6.733721769767067045e+00
6.724429293355569826e+00
6.715149224352683355e+00
6.705881548829442984e+00
6.696626252763230092e+00
6.687383322043087830e+00
6.678152742474788184e+00
6.668934499785663661e+00
6.659728579629211609e+00
6.650534967589484481e+00
6.641353649185274044e+00
6.632184609874099301e+00
6.623027835056010559e+00
6.613883310077214084e+00
6.604751020233523562e+00
6.595630950773657908e+00
6.586523086902375645e+00
6.577427413783468957e+00
6.568343916542614735e+00
6.559272580270092412e+00
6.550213390023372995e+00
6.541166330829589093e+00
6.532131387687886814e+00
6.523108545571668415e+00
6.514097789430729257e+00
6.505099104193293513e+00
6.496112474767953948e+00
6.487137886045521995e+00
6.478175322900790789e+00
6.469224770194210272e+00
6.460286212773491243e+00
6.451359635475126808e+00
6.442445023125844550e+00
6.433542360543991201e+00
6.424651632540848922e+00
6.415772823921892076e+00
6.406905919487982715e+00
6.398050904036509223e+00
6.389207762362472565e+00
6.380376479259518341e+00
6.371557039520922672e+00
6.362749427940527447e+00
6.353953629313634721e+00
6.345169628437855813e+00
6.336397410113920436e+00
6.327636959146446749e+00
6.318888260344675878e+00
6.310151298523169139e+00
6.301426058502474170e+00
6.292712525109754651e+00
6.284010683179395151e+00
6.275320517553571342e+00
6.266642013082798002e+00
6.257975154626445047e+00
6.249319927053231361e+00
6.240676315241694638e+00
6.232044304080637254e+00
6.223423878469549919e+00
6.214815023319016696e+00
6.206217723551096910e+00
6.197631964099689306e+00
6.189057729910881100e+00
6.180495005943273945e+00
6.171943777168300116e+00
6.163404028570515614e+00
6.154875745147885269e+00
6.146358911912050083e+00
6.137853513888579471e+00
6.129359536117215512e+00
6.120876963652099434e+00
6.112405781561990104e+00
6.103945974930470086e+00
6.095497528856139269e+00
6.087060428452800487e+00
6.078634658849636274e+00
6.070220205191373175e+00
6.061817052638438952e+00
6.053425186367111799e+00
6.045044591569661563e+00
6.036675253454481194e+00
6.028317157246212865e+00
6.019970288185867879e+00
6.011634631530936801e+00
6.003310172555496926e+00
5.994996896550310872e+00
5.986694788822920721e+00
5.978403834697736841e+00
5.970124019516121372e+00
5.961855328636463724e+00
5.953597747434258736e+00
5.945351261302171508e+00
5.937115855650104024e+00
5.928891515905254650e+00
5.920678227512175873e+00
5.912475975932826699e+00
5.904284746646621507e+00
5.896104525150476228e+00
5.887935296958850095e+00
5.879777047603787388e+00
5.871629762634951177e+00
5.863493427619659748e+00
5.855368028142916792e+00
5.847253549807438056e+00
5.839149978233681537e+00
5.831057299059867916e+00
5.822975497942002754e+00
5.814904560553897817e+00
5.806844472587187056e+00
5.798795219751341712e+00
5.790756787773686298e+00
5.782729162399409262e+00
5.774712329391572752e+00
5.766706274531123277e+00
5.758710983616897039e+00
5.750726442465628807e+00
5.742752636911952813e+00
5.734789552808408075e+00
5.726837176025441956e+00
5.718895492451408380e+00
5.710964487992567840e+00
5.703044148573088279e+00
5.695134460135041543e+00
5.687235408638398937e+00
5.679346980061028560e+00
5.671469160398689979e+00
5.663601935665028009e+00
5.655745291891565607e+00
5.647899215127698547e+00
5.640063691440684757e+00
5.632238706915636328e+00
5.624424247655509745e+00
5.616620299781097891e+00
5.608826849431015837e+00
5.601043882761692849e+00
5.593271385947358176e+00
5.585509345180030394e+00
5.577757746669503192e+00
5.570016576643333828e+00
5.562285821346828030e+00
5.554565467043026672e+00
5.546855500012691564e+00
5.539155906554288578e+00
5.531466672983976096e+00
5.523787785635585479e+00
5.516119230860608624e+00
5.508460995028179319e+00
5.500813064525058138e+00
5.493175425755614683e+00
5.485548065141812479e+00
5.477930969123190330e+00
5.470324124156844547e+00
5.462727516717411191e+00
5.455141133297050082e+00
5.447564960405425261e+00
5.439998984569685447e+00
5.432443192334448945e+00
5.424897570261782320e+00
5.417362104931181754e+00
5.409836782939555277e+00
5.402321590901202342e+00
5.394816515447796945e+00
5.387321543228366316e+00
5.379836660909270485e+00
5.372361855174186296e+00
5.364897112724083428e+00
5.357442420277209294e+00
5.349997764569064174e+00
5.342563132352385225e+00
5.335138510397124278e+00
5.327723885490428302e+00
5.320319244436620743e+00
5.312924574057178440e+00
5.305539861190712969e+00
5.298165092692949329e+00
5.290800255436708177e+00
5.283445336311881846e+00
5.276100322225414807e+00
5.268765200101285018e+00
5.261439956880481716e+00
5.254124579520984106e+00
5.246819054997741816e+00
5.239523370302653582e+00
5.232237512444547711e+00
5.224961468449158986e+00
5.217695225359110900e+00
5.210438770233891681e+00
5.203192090149835636e+00
5.195955172200100947e+00
5.188728003494650132e+00
5.181510571160228729e+00
5.174302862340343090e+00
5.167104864195240843e+00
5.159916563901890463e+00
5.152737948653959066e+00
5.145569005661791095e+00
5.138409722152388781e+00
5.131260085369390822e+00
5.124120082573051960e+00
5.116989701040219884e+00
5.109868928064316584e+00
5.102757750955317029e+00
5.095656157039726963e+00
5.088564133660563371e+00
5.081481668177333155e+00
5.074408747966011823e+00
5.067345360419023059e+00
5.060291492945217406e+00
5.053247132969852728e+00
5.046212267934570228e+00
5.039186885297377572e+00
5.032170972532625797e+00
5.025164517130987996e+00
5.018167506599439776e+00
5.011179928461237942e+00
5.004201770255900072e+00
4.997233019539182308e+00
4.990273663883061595e+00
4.983323690875710810e+00
4.976383088121482778e+00
4.969451843240885403e+00
4.962529943870562121e+00
4.955617377663273260e+00
4.948714132287873824e+00
4.941820195429291296e+00
4.934935554788508760e+00
4.928060198082540033e+00
4.921194113044413676e+00
4.914337287423147238e+00
4.907489708983732157e+00
4.900651365507108892e+00
4.893822244790148268e+00
4.887002334645631052e+00
4.880191622902227522e+00
4.873390097404476151e+00
4.866597746012764958e+00
4.859814556603308411e+00
4.853040517068130555e+00
4.846275615315041030e+00
4.839519839267617307e+00
4.832773176865183373e+00
4.826035616062789302e+00
4.819307144831191714e+00
4.812587751156833349e+00
4.805877423041822638e+00
4.799176148503913275e+00
4.792483915576483788e+00
4.785800712308518889e+00
4.779126526764588156e+00
4.772461347024825606e+00
4.765805161184911043e+00
4.759157957356048740e+00
4.752519723664947904e+00
4.745890448253802241e+00
4.739270119280270421e+00
4.732658724917456539e+00
4.726056253353889680e+00
4.719462692793503500e+00
4.712878031455617567e+00
4.706302257574916048e+00
4.699735359401429946e+00
4.693177325200514005e+00
4.686628143252830725e+00
4.680087801854327267e+00
4.673556289316218582e+00
4.667033593964966087e+00
4.660519704142258135e+00
4.654014608204989578e+00
4.647518294525244009e+00
4.641030751490273332e+00
4.634551967502478220e+00
4.628081930979386804e+00
4.621620630353637793e+00
4.615168054072960047e+00
4.608724190600152149e+00
4.602289028413063754e+00
4.595862556004576049e+00
4.589444761882583101e+00
4.583035634569971428e+00
4.576635162604599572e+00
4.570243334539282110e+00
4.563860138941766564e+00
4.557485564394716526e+00
4.551119599495692114e+00
4.544762232857129547e+00
4.538413453106323381e+00
4.532073248885406080e+00
4.525741608851329367e+00
4.519418521675845568e+00
4.513103976045487187e+00
4.506797960661549141e+00
4.500500464240069221e+00
4.494211475511808551e+00
4.487930983222232939e+00
4.481658976131494221e+00
4.475395443014410723e+00
4.469140372660449501e+00
4.462893753873705016e+00
4.456655575472881381e+00
4.450425826291275477e+00
4.444204495176755643e+00
4.437991570991743018e+00
4.431787042613192895e+00
4.425590898932577844e+00
4.419403128855866392e+00
4.413223721303505265e+00
4.407052665210400733e+00
4.400889949525899958e+00
4.394735563213772345e+00
4.388589495252189998e+00
4.382451734633710849e+00
4.376322270365259115e+00
4.370201091468106647e+00
4.364088186977853390e+00
4.357983545944411397e+00
4.351887157431983510e+00
4.345799010519047378e+00
4.339719094298334134e+00
4.333647397876814189e+00
4.327583910375674137e+00
4.321528620930300768e+00
4.315481518690263307e+00
4.309442592819293871e+00
4.303411832495268818e+00
4.297389226910192761e+00
4.291374765270176361e+00
4.285368436795423008e+00
4.279370230720205726e+00
4.273380136292852960e+00
4.267398142775727266e+00
4.261424239445209317e+00
4.255458415591679255e+00
4.249500660519498041e+00
4.243550963546989685e+00
4.237609314006422601e+00
4.231675701243992727e+00
4.225750114619805764e+00
4.219832543507857636e+00
4.213922977296016725e+00
4.208021405386006997e+00
4.202127817193389347e+00
4.196242202147544731e+00
4.190364549691653728e+00
4.184494849282682338e+00
4.178633090391361549e+00
4.172779262502169573e+00
4.166933355113315862e+00
4.161095357736721567e+00
4.155265259898001773e+00
4.149443051136449512e+00
4.143628721005017113e+00
4.137822259070297548e+00
4.132023654912507560e+00
4.126232898125470783e+00
4.120449978316599982e+00
4.114674885106878399e+00
4.108907608130842881e+00
4.103148137036565224e+00
4.097396461485637964e+00
4.091652571153152174e+00
4.085916455727684138e+00
4.080188104911275815e+00
4.074467508419417960e+00
4.068754655981031476e+00
4.063049537338453199e+00
4.057352142247414584e+00
4.051662460477026606e+00
4.045980481809763774e+00
4.040306196041442810e+00
4.034639592981209333e+00
4.028980662451519201e+00
4.023329394288119865e+00
4.017685778340036151e+00
4.012049804469549841e+00
4.006421462552185453e+00
4.000800742476689820e+00
3.995187634145019206e+00
3.989582127472317996e+00
3.983984212386904922e+00
3.978393878830253527e+00
3.972811116756977068e+00
3.967235916134809859e+00
3.961668266944592176e+00
3.956108159180251604e+00
3.950555582848787051e+00
3.945010527970250980e+00
3.939472984577733428e+00
3.933942942717345126e+00
3.928420392448199738e+00
3.922905323842398317e+00
3.917397726985011097e+00
3.911897591974061505e+00
3.906404908920509289e+00
3.900919667948234082e+00
3.895441859194018530e+00
3.889971472807530972e+00
3.884508498951309452e+00
3.879052927800744843e+00
3.873604749544063974e+00
3.868163954382314085e+00
3.862730532529344618e+00
3.857304474211791678e+00
3.851885769669061599e+00
3.846474409153313623e+00
3.841070382929443916e+00
3.835673681275069580e+00
3.830284294480510887e+00
3.824902212848776184e+00
3.819527426695544126e+00
3.814159926349149021e+00
3.808799702150563071e+00
3.803446744453379935e+00
3.798101043623799633e+00
3.792762590040610782e+00
3.787431374095175496e+00
3.782107386191412512e+00
3.776790616745780760e+00
3.771481056187263370e+00
3.766178694957352135e+00
3.760883523510029747e+00
3.755595532311755580e+00
3.750314711841447490e+00
3.745041052590467601e+00
3.739774545062604538e+00
3.734515179774058780e+00
3.729262947253425775e+00
3.724017838041679962e+00
3.718779842692158777e+00
3.713548951770547113e+00
3.708325155854860444e+00
3.703108445535429283e+00
3.697898811414884079e+00
3.692696244108137904e+00
3.687500734242371347e+00
3.682312272457016089e+00
3.677130849403740243e+00
3.671956455746431480e+00
3.666789082161181046e+00
3.661628719336268656e+00
3.656475357972146067e+00
3.651328988781421980e+00
3.646189602488846049e+00
3.641057189831293339e+00
3.635931741557747454e+00
3.630813248429286766e+00
3.625701701219067097e+00
3.620597090712307509e+00
3.615499407706273427e+00
3.610408643010261542e+00
3.605324787445584711e+00
3.600247831845555524e+00
3.595177767055471207e+00
3.590114583932598080e+00
3.585058273346156898e+00
3.580008826177305536e+00
3.574966233319124775e+00
3.569930485676603205e+00
3.564901574166620346e+00
3.559879489717932888e+00
3.554864223271158696e+00
3.549855765778760386e+00
3.544854108205031995e+00
3.539859241526082112e+00
3.534871156729818775e+00
3.529889844815935263e+00
3.524915296795893660e+00
3.519947503692909763e+00
3.514986456541938420e+00
3.510032146389657992e+00
3.505084564294455252e+00
3.500143701326410284e+00
3.495209548567280944e+00
3.490282097110488202e+00
3.485361338061101044e+00
3.480447262535820929e+00
3.475539861662967134e+00
3.470639126582461653e+00
3.465745048445814103e+00
3.460857618416107062e+00
3.455976827667980089e+00
3.451102667387615508e+00
3.446235128772723755e+00
3.441374203032527834e+00
3.436519881387748665e+00
3.431672155070590424e+00
3.426831015324725005e+00
3.421996453405277805e+00
3.417168460578812628e+00
3.412347028123317028e+00
3.407532147328187211e+00
3.402723809494213825e+00
3.397922005933565970e+00
3.393126727969778322e+00
3.388337966937734702e+00
3.383555714183654306e+00
3.378779961065077053e+00
3.374010698950848486e+00
3.369247919221105114e+00
3.364491613267260206e+00
3.359741772491988687e+00
3.354998388309213375e+00
3.350261452144089436e+00
3.345530955432990172e+00
3.340806889623492815e+00
3.336089246174364309e+00
3.331378016555545329e+00
3.326673192248136957e+00
3.321974764744386466e+00
3.317282725547672673e+00
3.312597066172490390e+00
3.307917778144437548e+00
3.303244853000200543e+00
3.298578282287538688e+00
3.293918057565271340e+00
3.289264170403262799e+00
3.284616612382408096e+00
3.279975375094618784e+00
3.275340450142808724e+00
3.270711829140879434e+00
3.266089503713706765e+00
3.261473465497125801e+00
3.256863706137916648e+00
3.252260217293790667e+00
3.247662990633376712e+00
3.243072017836206022e+00
3.238487290592698908e+00
3.233908800604150091e+00
3.229336539582714494e+00
3.224770499251394362e+00
3.220210671344023279e+00
3.215657047605253727e+00
3.211109619790542880e+00
3.206568379666137947e+00
3.202033319009062406e+00
3.197504429607102239e+00
3.192981703258791715e+00
3.188465131773400074e+00
3.183954706970917314e+00
3.179450420682039535e+00
3.174952264748156061e+00
3.170460231021335229e+00
3.165974311364310623e+00
3.161494497650466862e+00
3.157020781763826722e+00
3.152553155599036483e+00
3.148091611061352157e+00
3.143636140066626616e+00
3.139186734541294488e+00
3.134743386422359723e+00
3.130306087657381831e+00
3.125874830204460775e+00
3.121449606032225432e+00
3.117030407119817603e+00
3.112617225456880909e+00
3.108210053043544807e+00
3.103808881890412597e+00
3.099413704018547655e+00
3.095024511459458783e+00
3.090641296255088211e+00
3.086264050457796948e+00
3.081892766130351458e+00
3.077527435345910778e+00
3.073168050188012312e+00
3.068814602750558951e+00
3.064467085137805746e+00
3.060125489464345261e+00
3.055789807855095574e+00
3.051460032445286519e+00
3.047136155380445910e+00
3.042818168816386670e+00
3.038506064919193062e+00
3.034199835865207806e+00
3.029899473841018764e+00
3.025604971043445168e+00
3.021316319679524742e+00
3.017033511966500825e+00
3.012756540131808158e+00
3.008485396413060453e+00
3.004220073058036622e+00
2.999960562324668789e+00
2.995706856481027636e+00
2.991458947805310409e+00
2.987216828585826711e+00
2.982980491120986510e+00
2.978749927719286372e+00
2.974525130699296582e+00
2.970306092389647823e+00
2.966092805129018739e+00
2.961885261266122171e+00
2.957683453159693165e+00
2.953487373178474318e+00
2.949297013701204673e+00
2.945112367116605956e+00
2.940933425823368808e+00
2.936760182230141236e+00
2.932592628755514852e+00
2.928430757828012432e+00
2.924274561886075041e+00
2.920124033378048267e+00
2.915979164762171116e+00
2.911839948506561360e+00
2.907706377089203986e+00
2.903578442997937437e+00
2.899456138730442056e+00
2.895339456794226329e+00
2.891228389706614443e+00
2.887122929994733411e+00
2.883023070195500637e+00
2.878928802855611035e+00
2.874840120531524601e+00
2.870757015789453526e+00
2.866679481205349767e+00
2.862607509364891722e+00
2.858541092863472688e+00
2.854480224306187530e+00
2.850424896307820255e+00
2.846375101492831572e+00
2.842330832495346016e+00
2.838292081959139956e+00
2.834258842537629164e+00
2.830231106893855042e+00
2.826208867700473526e+00
2.822192117639742204e+00
2.818180849403507882e+00
2.814175055693193706e+00
2.810174729219787615e+00
2.806179862703829020e+00
2.802190448875396811e+00
2.798206480474097368e+00
2.794227950249051240e+00
2.790254850958882038e+00
2.786287175371703118e+00
2.782324916265106030e+00
2.778368066426147642e+00
2.774416618651337707e+00
2.770470565746627312e+00
2.766529900527396446e+00
2.762594615818441568e+00
2.758664704453962724e+00
2.754740159277553335e+00
2.750820973142185544e+00
2.746907138910199997e+00
2.742998649453292526e+00
2.739095497652502598e+00
2.735197676398201327e+00
2.731305178590079041e+00
2.727417997137132399e+00
2.723536124957654181e+00
2.719659554979219962e+00
2.715788280138676125e+00
2.711922293382128313e+00
2.708061587664928549e+00
2.704206155951664581e+00
2.700355991216147000e+00
2.696511086441396809e+00
2.692671434619634763e+00
2.688837028752268932e+00
2.685007861849881827e+00
2.681183926932220185e+00
2.677365217028181643e+00
2.673551725175803195e+00
2.669743444422250533e+00
2.665940367823804724e+00
2.662142488445850219e+00
2.658349799362865085e+00
2.654562293658406791e+00
2.650779964425101998e+00
2.647002804764634121e+00
2.643230807787731784e+00
2.639463966614157275e+00
2.635702274372694109e+00
2.631945724201136372e+00
2.628194309246276283e+00
2.624448022663892210e+00
2.620706857618738450e+00
2.616970807284532352e+00
2.613239864843942328e+00
2.609514023488577639e+00
2.605793276418975957e+00
2.602077616844591823e+00
2.598367037983785099e+00
2.594661533063809422e+00
2.590961095320801100e+00
2.587265717999766679e+00
2.583575394354571841e+00
2.579890117647930747e+00
2.576209881151393599e+00
2.572534678145334652e+00
2.568864501918942445e+00
2.565199345770207362e+00
2.561539203005909648e+00
2.557884066941609191e+00
2.554233930901633087e+00
2.550588788219065428e+00
2.546948632235735310e+00
2.543313456302204401e+00
2.539683253777758054e+00
2.536058018030391548e+00
2.532437742436800310e+00
2.528822420382367930e+00
2.525212045261155058e+00
2.521606610475888743e+00
2.518006109437950002e+00
2.514410535567363603e+00
2.510819882292786520e+00
2.507234143051496389e+00
