-1.011410178339317845e-01
-9.913890294409809234e-02
-9.427020477353770245e-02
-8.562741996294211122e-02
-7.237774454406215030e-02
-5.375739401599252676e-02
-2.906635297116303557e-02
2.336478201483228878e-03
4.103776955389876191e-02
8.757390850552129735e-02
1.424348331099946630e-01
2.060675753738982763e-01
2.788795365468726972e-01
3.612415146455408288e-01
4.534905029418955236e-01
5.559322767308858548e-01
6.688437843830326024e-01
7.924753574779473952e-01
9.270527536961398196e-01
1.072740000597539600e+00
1.229055252632387019e+00
1.395077719084606871e+00
1.569956852434795547e+00
1.752907034916207252e+00
1.943202666756012276e+00
2.140173625736569551e+00
2.343201070006908360e+00
2.551643558196524442e+00
2.763838565045121154e+00
2.978256039624741280e+00
3.193488354160822773e+00
3.408241012865895758e+00
3.621324063332153287e+00
3.831644157372302573e+00
4.038197212212985221e+00
4.240150067485937591e+00
4.438133231741046458e+00
4.633327845601317385e+00
4.826149355514711026e+00
5.016729856680019140e+00
5.205097146280396103e+00
5.391241185529961122e+00
5.575138764036204009e+00
5.756762647338375949e+00
5.936084963939199710e+00
6.113078453698679304e+00
6.287716922151588506e+00
6.459975399899573034e+00
6.629830192384774890e+00
6.797258888842703684e+00
6.962240355980015671e+00
7.124754725866233152e+00
7.284783381567630833e+00
7.442308941838607694e+00
7.597315245364304914e+00
7.749787334743163392e+00
7.899711440284823638e+00
8.047074963656628555e+00
8.191866461396285715e+00
8.334075628302366923e+00
8.473693280712035758e+00
8.610711339674534059e+00
8.745122814028505331e+00
8.876921783391059861e+00
9.006103381066314029e+00
9.132663776881001283e+00
9.256600159954675888e+00
9.377910721411872430e+00
9.496594637043491716e+00
9.612652049924593101e+00
9.726084052995608076e+00
9.836892671613931327e+00
9.945080846082696269e+00
1.000000000000000000e+01
1.000000000000000000e+01
1.000000000000000000e+01
1.000000000000000000e+01
1.000000000000000000e+01
1.000000000000000000e+01
1.000000000000000000e+01
1.000000000000000000e+01
1.000000000000000000e+01
1.000000000000000000e+01
1.000000000000000000e+01
1.000000000000000000e+01
1.000000000000000000e+01
1.000000000000000000e+01
1.000000000000000000e+01
1.000000000000000000e+01
1.000000000000000000e+01
1.000000000000000000e+01
1.000000000000000000e+01
1.000000000000000000e+01
1.000000000000000000e+01
1.000000000000000000e+01
1.000000000000000000e+01
1.000000000000000000e+01
1.000000000000000000e+01
1.000000000000000000e+01
1.000000000000000000e+01
1.000000000000000000e+01
1.000000000000000000e+01
1.000000000000000000e+01
1.000000000000000000e+01
1.000000000000000000e+01
1.000000000000000000e+01
1.000000000000000000e+01
1.000000000000000000e+01
1.000000000000000000e+01
1.000000000000000000e+01
1.000000000000000000e+01
1.000000000000000000e+01
1.000000000000000000e+01
1.000000000000000000e+01
1.000000000000000000e+01
1.000000000000000000e+01
1.000000000000000000e+01
1.000000000000000000e+01
1.000000000000000000e+01
1.000000000000000000e+01
1.000000000000000000e+01
1.000000000000000000e+01
9.999917748267035833e+00
9.998158354343612331e+00
9.994749015833559014e+00
9.989717515429079597e+00
9.983091901932107604e+00
9.974900364567929500e+00
9.965171179170679849e+00
9.953932681166010710e+00
9.941213248618199216e+00
9.927041289130345447e+00
9.911445228292176779e+00
9.894453498819895998e+00
9.876094530070698596e+00
9.856396737814375086e+00
9.835388514218502465e+00
9.813098218031194975e+00
9.789554164955539761e+00
9.764784618213576906e+00
9.738817779299004940e+00
9.711681778918258345e+00
9.683404668119729664e+00
9.654014409610919500e+00
9.623538869263246198e+00
9.592005807804206086e+00
9.559442872696518378e+00
9.525877590203821299e+00
9.491337357642422035e+00
9.455849435818565851e+00
9.419440941650613297e+00
9.382138840975462912e+00
9.343969941538516011e+00
9.304960886166398382e+00
9.265138146121635998e+00
9.224528014638400109e+00
9.183156600638415767e+00
9.141049822626044374e+00
9.098233402761549016e+00
9.054732861111459030e+00
9.010573510074943115e+00
8.965780448985025686e+00
8.920378558883468756e+00
8.874392497468077678e+00
8.827846694211149980e+00
8.780765345647775888e+00
8.733172410832615640e+00
8.685091606963782240e+00
8.636546405172405017e+00
8.587560026476417363e+00
8.538155437897072986e+00
8.488355348736677186e+00
8.438182207015984204e+00
8.387658196069667227e+00
8.336805231298258789e+00
8.285644957074927319e+00
8.234198743805411169e+00
8.182487685139443911e+00
8.130532595331933621e+00
8.078354006752173078e+00
8.025972167539316970e+00
7.973407039402349739e+00
7.920678295562743720e+00
7.867805318837977069e+00
7.814807199864093334e+00
7.761702735455430435e+00
7.708510427099657392e+00
7.655248479586235000e+00
7.601934799766389084e+00
7.548586995442697400e+00
7.495222374386352193e+00
7.441857943480169268e+00
7.388510407985388717e+00
7.335196170930320392e+00
7.281931332618855279e+00
7.228731690256876341e+00
7.175612737694589960e+00
7.122589665282781368e+00
7.069677359841010755e+00
7.016890404735747211e+00
6.964243080066439440e+00
6.911749362957525733e+00
6.859422927954365257e+00
6.807277147521095806e+00
6.755325092638399198e+00
6.703579533499173237e+00
6.652052940300095862e+00
6.600757484127084851e+00
6.549705037932636031e+00
6.498907177603054919e+00
6.448375183113566500e+00
6.398120039769328748e+00
6.348152439530341695e+00
6.298482782418286519e+00
6.249121178003305133e+00
6.200077446968758288e+00
6.151361122751990429e+00
6.102981453259157973e+00
6.054947402652160804e+00
6.007267653205750513e+00
5.959950607232878284e+00
5.913004389076371048e+00
5.866436847165022783e+00
5.820255556132208241e+00
5.774467818995129065e+00
5.729080669392823566e+00
5.684100873881077653e+00
5.639534934282389500e+00
5.595389090089149420e+00
5.551669320918220407e+00
5.508381349015108341e+00
5.465530641805928624e+00
5.423122414495399113e+00
5.381161632709087428e+00
5.339653015178173590e+00
5.298601036464996028e+00
5.258009929727665011e+00
5.217883689522049728e+00
5.178226074639454168e+00
5.139040610978325319e+00
5.100330594448341692e+00
5.062099093905260361e+00
5.024348954114905119e+00
4.987082798744719270e+00
4.950303033381291407e+00
4.914011848572319430e+00
4.878211222891464693e+00
4.842902926024587273e+00
4.808088521875866661e+00
4.773769371692330843e+00
4.739946637205336266e+00
4.706621283787567833e+00
4.673794083624134288e+00
4.641465618896371659e+00
4.609636284976975418e+00
4.578306293635108659e+00
4.547475676250151366e+00
4.517144287032775374e+00
4.487311806252060720e+00
4.457977743467373521e+00
4.429141440763758375e+00
4.400802075989623141e+00
4.372958665995493988e+00
4.345610069872670955e+00
4.318754992190607211e+00
4.292391986231873346e+00
4.266519457223581391e+00
4.241135665564175206e+00
4.216238730044497451e+00
4.191826631062083308e+00
4.167897213827639114e+00
4.144448191562696948e+00
4.121477148687444192e+00
4.098981543997760824e+00
4.076958713830512337e+00
4.055405875216167466e+00
4.034320129017832102e+00
4.013698463055815679e+00
3.993537755216859608e+00
3.973834776547184866e+00
3.954586194328533644e+00
3.935788575136403011e+00
3.917438387879688566e+00
3.899532006820974672e+00
3.882065714576731885e+00
3.865035705096700802e+00
3.848438086621763343e+00
3.832268884619618454e+00
3.816524044697607199e+00
3.801199435492045531e+00
3.786290851533444801e+00
3.771794016087021362e+00
3.757704583967915291e+00
3.744018144330557796e+00
3.730730223431645509e+00
3.717836287366200310e+00
3.705331744776211522e+00
3.693211949531377325e+00
3.681472203381479513e+00
3.670107758579946200e+00
3.659113820478170798e+00
3.648485550090183160e+00
3.638218066627274094e+00
3.628306450002205530e+00
3.618745743302645757e+00
3.609530955233491323e+00
3.600657062527756747e+00
3.592119012325723393e+00
3.583911724522063302e+00
3.576030094080664856e+00
3.568468993316906701e+00
3.561223274147143680e+00
3.554287770305176952e+00
3.547657299525509789e+00
3.541326665693192322e+00
3.535290660960082931e+00
3.529544067827367737e+00
3.524081661194189419e+00
3.518898210372258806e+00
3.513988481066332881e+00
3.509347237320457946e+00
3.504969243429891357e+00
3.500849265818627654e+00
3.496982074882473146e+00
3.493362446797617871e+00
3.489985165294678282e+00
3.486845023398187138e+00
3.483936825131524362e+00
3.481255387187297323e+00
3.478795540563184296e+00
3.476552132163277964e+00
3.474520026364963154e+00
3.472694106551389215e+00
3.471069276609599630e+00
3.469640462394395719e+00
3.468402613158021008e+00
3.467350702945767082e+00
3.466479731957606170e+00
3.465784727875972138e+00
3.465260747159818244e+00
3.464902876305091528e+00
3.464706233071767727e+00
3.464665967677613700e+00
3.464777263958833231e+00
3.465035340497782723e+00
3.465435451717933546e+00
3.465972888946279529e+00
3.466642981443386784e+00
3.467441097401300354e+00
3.468362644909519510e+00
3.469403072889270412e+00
3.470557871996308386e+00
3.471822575492486074e+00
3.473192760086337927e+00
3.474664046742931500e+00
3.476232101463246238e+00
3.477892636033345752e+00
3.479641408743615827e+00
3.481474225078346141e+00
3.483386938375938602e+00
3.485375450460033164e+00
3.487435712241843788e+00
3.489563724294006075e+00
3.491755537396239450e+00
3.494007253053133866e+00
3.496315023984374548e+00
3.498675054587722322e+00
3.501083601375073240e+00
3.503536973381920827e+00
3.506031532550553109e+00
3.508563694087317053e+00
3.511129926794285705e+00
3.513726753375669531e+00
3.516350750719314355e+00
3.518998550153631388e+00
3.521666837680307083e+00
3.524352354183144964e+00
3.527051895613391608e+00
3.529762313151901143e+00
3.532480513348497553e+00
3.535203458238892260e+00
3.537928165439518047e+00
3.540651708220641236e+00
3.543371215558115850e+00
3.546083872164144779e+00
3.548786918497412568e+00
3.551477650752956183e+00
3.554153420832143695e+00
3.556811636293125467e+00
3.559449760282126007e+00
3.562065311445949511e+00
3.564655863826061921e+00
3.567219046734622534e+00
3.569752544612830647e+00
3.572254096871959383e+00
3.574721497717439522e+00
3.577152595956367254e+00
3.579545294788796017e+00
3.581897551583184125e+00
3.584207377636358771e+00
3.586472837918365908e+00
3.588692050802563926e+00
3.590863187781326182e+00
3.592984473167714299e+00
3.595054183783475743e+00
3.597070648633731604e+00
3.599032248568703185e+00
3.600937415932836672e+00
3.602784634201677161e+00
3.604572437606840651e+00
3.606299410749436163e+00
3.607964188202282152e+00
3.609565454101262283e+00
3.611101941726162501e+00
3.612572433071329581e+00
3.613975758406489103e+00
3.615310795828055479e+00
3.616576470801267096e+00
3.617771755693480085e+00
3.618895669298940909e+00
3.619947276355365506e+00
3.620925687052648279e+00
3.621830056534014464e+00
3.622659584389933407e+00
3.623413514145108039e+00
3.624091132738842091e+00
3.624691769999100366e+00
3.625214798110556469e+00
3.625659631076933120e+00
3.626025724177929010e+00
3.626312573421023977e+00
3.626519714988454712e+00
3.626646724679644329e+00
3.626693217349370002e+00
3.626658846341946241e+00
3.626543302921699574e+00
3.626346315700007761e+00
3.626067650059168646e+00
3.625707107573366894e+00
3.625264525426995288e+00
3.624739775830591704e+00
3.624132765434640913e+00
3.623443434741494329e+00
3.622671757515650626e+00
3.621817740192640578e+00
3.620881421286755053e+00
3.619862870797846188e+00
3.618762189617438452e+00
3.617579508934369859e+00
3.616314989640188493e+00
3.614968821734525495e+00
3.613541223730654117e+00
3.612032442061448023e+00
3.610442750485949315e+00
3.608772449496740364e+00
3.607021865728329502e+00
3.605191351366734853e+00
3.603281283560466175e+00
3.601292063833086310e+00
3.599224117497538789e+00
3.597077893072417876e+00
3.594853861700360032e+00
3.592552516568724652e+00
3.590174372332735064e+00
3.587719964541240980e+00
3.585189849065263612e+00
3.582584601529478441e+00
3.579904816746788843e+00
3.577151108156138459e+00
3.574324107263704420e+00
3.571424463087617962e+00
3.568452841606341241e+00
3.565409925210841546e+00
3.562296412160685488e+00
3.559113016044181066e+00
3.555860465242693724e+00
3.552539502399246985e+00
3.549150883891526220e+00
3.545695379309398820e+00
3.542173770937052435e+00
3.538586853239859220e+00
3.534935432356064222e+00
3.531220325593395604e+00
3.527442360930687748e+00
3.523602376524610502e+00
3.519701220221586269e+00
3.515739749074980214e+00
3.511718828867643527e+00
3.507639333639883450e+00
3.503502145222935127e+00
3.499308152778001890e+00
3.495058252340933258e+00
3.490753346372600596e+00
3.486394343315033062e+00
3.481982157153367563e+00
3.477517706983666912e+00
3.473001916586659910e+00
3.468435714007444659e+00
3.463820031141205291e+00
3.459155803324979406e+00
3.454443968935516640e+00
3.449685468993264337e+00
3.444881246772510952e+00
3.440032247417718736e+00
3.435139417566073217e+00
3.430203704976273471e+00
3.425226058163583609e+00
3.420207426041165899e+00
3.415148757567712412e+00
3.410051001401388060e+00
3.404915105560097466e+00
3.399742017088083212e+00
3.394532681728863022e+00
3.389288043604510303e+00
3.384009044901277630e+00
3.378696625561566247e+00
3.373351722982234513e+00
3.367975271719243935e+00
3.362568203198632588e+00
3.357131445433807926e+00
3.351665922749147875e+00
3.346172555509895563e+00
3.340652259858331252e+00
3.335105947456208142e+00
3.329534525233424969e+00
3.323938895142922512e+00
3.318319953921774257e+00
3.312678592858447679e+00
3.307015697566213053e+00
3.301332147762663816e+00
3.295628817055326731e+00
3.289906572733320989e+00
3.284166275565042259e+00
3.278408779601826417e+00
3.272634931987564499e+00
3.266845572774228046e+00
3.261041534743262194e+00
3.255223643232810105e+00
3.249392715970723433e+00
3.243549562913316642e+00
3.237694986089818983e+00
3.231829779452479734e+00
3.225954728732276511e+00
3.220070611300180907e+00
3.214178196033929957e+00
3.208278243190253232e+00
3.202371504282502279e+00
3.196458721963634453e+00
3.190540629914488502e+00
3.184617952737306190e+00
3.178691405854439544e+00
3.172761695412186445e+00
3.166829518189699488e+00
3.160895561512909069e+00
3.154960503173402042e+00
3.149025011352194703e+00
3.143089744548341002e+00
3.137155351512316948e+00
3.131222471184114120e+00
3.125291732635985920e+00
3.119363755019778139e+00
3.113439147518787919e+00
3.107518509304077803e+00
3.101602429495188940e+00
3.095691487125184160e+00
3.089786251109956527e+00
3.083887280221739413e+00
3.077995123066750160e+00
3.072110318066902046e+00
3.066233393445519262e+00
3.060364867216985640e+00
3.054505247180263172e+00
3.048655030916211484e+00
3.042814705788641216e+00
3.036984748949032920e+00
3.031165627344857949e+00
3.025357797731427212e+00
3.019561706687207803e+00
3.013777790632531595e+00
3.008006475851636718e+00
3.002248178517966437e+00
2.996503304722662353e+00
2.990772250506184449e+00
2.985055401892986904e+00
2.979353134929187075e+00
2.973665815723156580e+00
2.967993800488968326e+00
2.962337435592635515e+00
2.956697057601069822e+00
2.951072993333698768e+00
2.945465559916671694e+00
2.939875064839590824e+00
2.934301806014698588e+00
2.928746071838459919e+00
2.923208141255470238e+00
2.917688283824628748e+00
2.912186759787507295e+00
2.906703820138854866e+00
2.901239706699174192e+00
2.895794652189302987e+00
2.890368880306940724e+00
2.884962605805057478e+00
2.879576034572123078e+00
2.874209363714093080e+00
2.868862781638093828e+00
2.863536468137742652e+00
2.858230594480045017e+00
2.852945323493808694e+00
2.847680809659515866e+00
2.842437199200593678e+00
2.837214630176027708e+00
2.832013232574257522e+00
2.826833128408298812e+00
2.821674431812038808e+00
2.816537249137643695e+00
2.811421679054028289e+00
2.806327812646328468e+00
2.801255733516327062e+00
2.796205517883778136e+00
2.791177234688573705e+00
2.786170945693708489e+00
2.781186705588983177e+00
2.776224562095401360e+00
2.771284556070206406e+00
2.766366721612511625e+00
2.761471086169474010e+00
2.756597670642961795e+00
2.751746489496671888e+00
2.746917550863647861e+00
2.742110856654153661e+00
2.737326402663857294e+00
2.732564178682280520e+00
2.727824168601470589e+00
2.723106350524849617e+00
2.718410696876201627e+00
2.713737174508753736e+00
2.709085744814310193e+00
2.704456363832400179e+00
2.699848982359399852e+00
2.695263546057587778e+00
2.690699995564099112e+00
2.686158266599736777e+00
2.681638290077607234e+00
2.677139992211541752e+00
2.672663294624270325e+00
2.668208114455310032e+00
2.663774364468539879e+00
2.659361953159423031e+00
2.654970784861846678e+00
2.650600759854550681e+00
2.646251774467108575e+00
2.641923721185433838e+00
2.637616488756783006e+00
2.633329962294224114e+00
2.629064023380543791e+00
2.624818550171566400e+00
2.620593417498856770e+00
2.616388496971781663e+00
2.612203657078905561e+00
2.608038763288693218e+00
2.603893678149499014e+00
2.599768261388816004e+00
2.595662370011766917e+00
2.591575858398808663e+00
2.587508578402636150e+00
2.583460379444260102e+00
2.579431108608241985e+00
2.575420610737063409e+00
2.571428728524615792e+00
2.567455302608788958e+00
2.563500171663143590e+00
2.559563172487649751e+00
2.555644140098475514e+00
2.551742907816811901e+00
2.547859307356717284e+00
2.543993168911968361e+00
2.540144321241904812e+00
2.536312591756252566e+00
2.532497806598917212e+00
2.528699790730731145e+00
2.524918368011146885e+00
2.521153361278865912e+00
2.517404592431389698e+00
2.513671882503488941e+00
2.509955051744575893e+00
2.506253919694978016e+00
2.502568305261100967e+00
2.498898026789473370e+00
2.495242902139671148e+00
2.491602748756109431e+00
2.487977383738701587e+00
2.484366623912377392e+00
2.480770285895455007e+00
2.477188186166867645e+00
2.473620141132232941e+00
2.470065967188771694e+00
2.466525480789064861e+00
2.462998498503650602e+00
2.459484837082461350e+00
2.455984313515094275e+00
2.452496745089920438e+00
2.449021949452026892e+00
2.445559744659995260e+00
2.442109949241516365e+00
2.438672382247839998e+00
2.435246863307063858e+00
2.431833212676261624e+00
2.428431251292453297e+00
2.425040800822417353e+00
2.421661683711351820e+00
2.418293723230384273e+00
2.414936743522936524e+00
2.411590569649943561e+00
2.408255027633937839e+00
2.404929944501996708e+00
2.401615148327562288e+00
2.398310468271136919e+00
2.395015734619859948e+00
2.391730778825972958e+00
2.388455433544176998e+00
2.385189532667891132e+00
2.381932911364416317e+00
2.378685406109014799e+00
2.375446854717906842e+00
2.372217096380200285e+00
2.368995971688750757e+00
2.365783322669970712e+00
2.362578992812587320e+00
2.359382827095362067e+00
2.356194672013780078e+00
2.353014375605716690e+00
2.349841787476090182e+00
2.346676758820514852e+00
2.343519142447954895e+00
2.340368792802398623e+00
2.337225565983553466e+00
2.334089319766581738e+00
2.330959913620877177e+00
2.327837208727901341e+00
2.324721067998082979e+00
2.321611356086799027e+00
2.318507939409438556e+00
2.315410686155570552e+00
2.312319466302217297e+00
2.309234151626252896e+00
2.306154615715931389e+00
2.303080733981559547e+00
2.300012383665326343e+00
2.296949443850297534e+00
2.293891795468590011e+00
2.290839321308736576e+00
2.287791906022253574e+00
2.284749436129421163e+00
2.281711800024292192e+00
2.278678887978937251e+00
2.275650592146941875e+00
2.272626806566166557e+00
2.269607427160779789e+00
2.266592351742580558e+00
2.263581480011619629e+00
2.260574713556131154e+00
2.257571955851791934e+00
2.254573112260313206e+00
2.251578090027385404e+00
2.248586798279981203e+00
2.245599148023034619e+00
2.242615052135505049e+00
2.239634425365841341e+00
2.236657184326855230e+00
2.233683247490020118e+00
2.230712535179204536e+00
2.227744969563855371e+00
2.224780474651640194e+00
2.221818976280563795e+00
2.218860402110568675e+00
2.215904681614635052e+00
2.212951746069388825e+00
2.210001528545232574e+00
2.207053963896010274e+00
2.204108988748218145e+00
2.201166541489773643e+00
2.198226562258355443e+00
2.195288992929324223e+00
2.192353777103237533e+00
2.189420860092971211e+00
2.186490188910458432e+00
2.183561712253056175e+00
2.180635380489553299e+00
2.177711145645832236e+00
2.174788961390190511e+00
2.171868783018340299e+00
2.168950567438094001e+00
2.166034273153743861e+00
2.163119860250154236e+00
2.160207290376569222e+00
2.157296526730152930e+00
2.154387534039269525e+00
2.151480278546515024e+00
2.148574727991511502e+00
2.145670851593473039e+00
2.142768620033554949e+00
2.139868005436997844e+00
2.136968981355071850e+00
2.134071522746836536e+00
2.131175605960724084e+00
2.128281208715953277e+00
2.125388310083789811e+00
2.122496890468655195e+00
2.119606931589100629e+00
2.116718416458649887e+00
2.113831329366522738e+00
2.110945655858249115e+00
2.108061382716180709e+00
2.105178497939909299e+00
2.102296990726601589e+00
2.099416851451259447e+00
2.096538071646910861e+00
2.093660643984744940e+00
2.090784562254194068e+00
2.087909821342974759e+00
2.085036417217094318e+00
2.082164346900830409e+00
2.079293608456691533e+00
2.076424200965366840e+00
2.073556124505671061e+00
2.070689380134492996e+00
2.067823969866755540e+00
2.064959896655390814e+00
2.062097164371343272e+00
2.059235777783600341e+00
2.056375742539263030e+00
2.053517065143660503e+00
2.050659752940514835e+00
2.047803814092163055e+00
2.044949257559841360e+00
2.042096093084040387e+00
2.039244331164932866e+00
2.036393983042882994e+00
2.033545060679041949e+00
2.030697576736034460e+00
2.027851544558742169e+00
2.025006978155190485e+00
2.022163892177539335e+00
2.019322301903190287e+00
2.016482223216005565e+00
2.013643672587652755e+00
2.010806667059073405e+00
2.007971224222081741e+00
2.005137362201099283e+00
2.002305099635027563e+00
1.999474455659263628e+00
1.996645449887862744e+00
1.993818102395851888e+00
1.990992433701696651e+00
1.988168464749926478e+00
1.985346216893921323e+00
1.982525711878861951e+00
1.979706971824849449e+00
1.976890019210193694e+00
1.974074876854876814e+00
1.971261567904193157e+00
1.968450115812568013e+00
1.965640544327558414e+00
1.962832877474038007e+00
1.960027139538569996e+00
1.957223355053967273e+00
1.954421548784045504e+00
1.951621745708567834e+00
1.948823971008386113e+00
1.946028250050779063e+00
1.943234608374988293e+00
1.940443071677955711e+00
1.937653665800262770e+00
1.934866416712272663e+00
1.932081350500477912e+00
1.929298493354053345e+00
1.926517871551617134e+00
1.923739511448198547e+00
1.920963439462416655e+00
1.918189682063867529e+00
1.915418265760723049e+00
1.912649217087540876e+00
1.909882562593286703e+00
1.907118328829568776e+00
1.904356542339086023e+00
1.901597229644288234e+00
1.898840417236251410e+00
1.896086131563765820e+00
1.893334399022637893e+00
1.890585245945206605e+00
1.887838698590073250e+00
1.885094783132044594e+00
1.882353525652290083e+00
1.879614952128711547e+00
1.876879088426526510e+00
1.874145960289062662e+00
1.871415593328765725e+00
1.868688013018417138e+00
1.865963244682562916e+00
1.863241313489153450e+00
1.860522244441390693e+00
1.857806062369785405e+00
1.855092791924420448e+00
1.852382457567422369e+00
1.849675083565636813e+00
1.846970693983509326e+00
1.844269312676169337e+00
1.841570963282717077e+00
1.838875669219710129e+00
1.836183453674850918e+00
1.833494339600872269e+00
1.830808349709619920e+00
1.828125506466330874e+00
1.825445832084105824e+00
1.822769348518574306e+00
1.820096077462751705e+00
1.817426040342084326e+00
1.814759258309684098e+00
1.812095752241748903e+00
1.809435542733166979e+00
1.806778650093305405e+00
1.804125094341978652e+00
1.801474895205596560e+00
1.798828072113491050e+00
1.796184644194416702e+00
1.793544630273225859e+00
1.790908048867716040e+00
1.788274918185646101e+00
1.785645256121921376e+00
1.783019080255943800e+00
1.780396407849126561e+00
1.777777255842569737e+00
1.775161640854896916e+00
1.772549579180247914e+00
1.769941086786428253e+00
1.767336179313211630e+00
1.764734872070793381e+00
1.762137180038393147e+00
1.759543117863004991e+00
1.756952699858291611e+00
1.754365940003620894e+00
1.751782851943243902e+00
1.749203448985609644e+00
1.746627744102816404e+00
1.744055749930196741e+00
1.741487478766033270e+00
1.738922942571404340e+00
1.736362152970155615e+00
1.733805121248997105e+00
1.731251858357722107e+00
1.728702374909546036e+00
1.726156681181562735e+00
1.723614787115316904e+00
1.721076702317489771e+00
1.718542436060694678e+00
1.716011997284381918e+00
1.713485394595850142e+00
1.710962636271361470e+00
1.708443730257358073e+00
1.705928684171778897e+00
1.703417505305473645e+00
1.700910200623710677e+00
1.698406776767779292e+00
1.695907240056681253e+00
1.693411596488910709e+00
1.690919851744320912e+00
1.688432011186073556e+00
1.685948079862671145e+00
1.683468062510067309e+00
1.680991963553855717e+00
1.678519787111532491e+00
1.676051536994832780e+00
1.673587216712137726e+00
1.671126829470949371e+00
1.668670378180432845e+00
1.666217865454022284e+00
1.663769293612089584e+00
1.661324664684672658e+00
1.658883980414261883e+00
1.656447242258643371e+00
1.654014451393795104e+00
1.651585608716836129e+00
1.649160714849024600e+00
1.646739770138804904e+00
1.644322774664900288e+00
1.641909728239449917e+00
1.639500630411187210e+00
1.637095480468659714e+00
1.634694277443486499e+00
1.632297020113652852e+00
1.629903707006838065e+00
1.627514336403778294e+00
1.625128906341658741e+00
1.622747414617535355e+00
1.620369858791785189e+00
1.617996236191580728e+00
1.615626543914390201e+00
1.613260778831498099e+00
1.610898937591548563e+00
