4.695326600400547279e-01
4.737720262454933606e-01
4.806707758392335661e-01
4.911510531997764217e-01
5.060608386105241996e-01
5.261795788121478301e-01
5.522233917857469754e-01
5.848498779532759206e-01
6.246625675485880658e-01
6.722150316632606870e-01
7.262156854186158084e-01
7.852475272484102931e-01
8.481938774803070569e-01
9.141746481504389177e-01
9.824961380364505281e-01
1.052611482494959727e+00
1.124089496868218907e+00
1.196590132119516925e+00
1.269845139405075818e+00
1.343642838106451576e+00
1.417816116459095666e+00
1.492232978733507132e+00
1.566789098522250567e+00
1.641401952383401586e+00
1.716006198446436981e+00
1.790550035766180770e+00
1.864992336283801677e+00
1.939300385426958373e+00
2.013448102179580257e+00
2.087414636865006834e+00
2.161183266481616627e+00
2.234740524442372145e+00
2.308075514971522857e+00
2.381179372969306485e+00
2.454044838472487999e+00
2.526665921390466529e+00
2.599037637358102337e+00
2.671155799612439541e+00
2.743016855003598931e+00
2.814617754773438119e+00
2.885955852723378179e+00
2.957028824958737534e+00
3.027834606630511516e+00
3.098371342067341327e+00
3.168637345455974863e+00
3.238631069831600318e+00
3.308351082614541916e+00
3.377796046304058830e+00
3.446964703234837391e+00
3.515855863534028458e+00
3.584468395599651469e+00
3.652801218565331798e+00
3.720853296329881488e+00
3.788623632819696496e+00
3.856111268222395250e+00
3.923315275985653106e+00
3.990234760418903903e+00
4.056868854770040222e+00
4.123216719676376485e+00
4.189277541910521485e+00
4.255050533358650355e+00
4.320534930181931799e+00
4.385729992122310961e+00
4.450635001922103484e+00
4.515249264833316012e+00
4.579572108197734082e+00
4.643602881082846245e+00
4.707340953961829833e+00
4.770785718428335542e+00
4.833936586938770930e+00
4.896792992576324721e+00
4.959354388832218241e+00
5.021620249400601033e+00
5.083590067984293803e+00
5.145263358109159135e+00
5.206639652945360908e+00
5.267718505134144635e+00
5.328499486619053371e+00
5.388982188480732738e+00
5.449166220774656288e+00
5.509051212371248951e+00
5.568636810797985781e+00
5.627922682083152495e+00
5.686908510601002220e+00
5.745593998918119283e+00
5.803978867640821271e+00
5.862062855263483918e+00
5.919845718017690217e+00
5.977327229722130042e+00
6.034507181633191664e+00
6.091385382296193640e+00
6.147961657397234880e+00
6.204235849615620246e+00
6.260207818476856367e+00
6.315877440206190130e+00
6.371244607582683628e+00
6.426309229793816691e+00
6.481071232290608997e+00
6.535530556643261768e+00
6.589687160397308396e+00
6.643541016930280207e+00
6.697092115308884708e+00
6.750340460146689203e+00
6.803286071462324003e+00
6.855928984538191884e+00
6.908269249779693588e+00
6.960306932574970240e+00
7.012042113155159129e+00
7.063474886455171742e+00
7.114605361974990494e+00
7.165433663641487705e+00
7.215959929670768602e+00
7.266184312431044567e+00
7.316106978306028630e+00
7.365728107558866533e+00
7.415047894196597156e+00
7.464066545835149391e+00
7.512784283564873711e+00
7.561201341816613741e+00
7.609317968228313411e+00
7.657134423512173882e+00
7.704650981322346048e+00
7.751867928123171936e+00
7.798785563057976766e+00
7.845404197818403702e+00
7.891724156514301036e+00
7.937745775544165383e+00
7.983469403466132874e+00
8.028895400869529908e+00
8.074024140246978121e+00
8.118856005867058911e+00
8.163391393647534855e+00
8.207630711029137771e+00
8.251574376849909243e+00
8.295222821220118448e+00
8.338576485397728888e+00
8.381635821664444208e+00
8.424401293202313568e+00
8.466873373970909000e+00
8.509052548585069431e+00
8.550939312193214903e+00
8.592534170356236345e+00
8.633837638926951996e+00
8.674850243930141147e+00
8.715572521443149867e+00
8.756005017477072272e+00
8.796148287858507331e+00
8.836002898111892989e+00
8.875569423342415831e+00
8.914848448119503388e+00
8.953840566360884878e+00
8.992546381217245255e+00
9.030966504957447683e+00
9.069101558854343992e+00
9.106952173071157119e+00
9.144518986548456851e+00
9.181802646891707553e+00
9.218803810259403875e+00
9.255523141251787322e+00
9.291961312800145478e+00
9.328119006056695639e+00
9.363996910285052877e+00
9.399595722751277194e+00
9.434916148615513976e+00
9.469958900824209991e+00
9.504724700002919135e+00
9.539214274349690825e+00
9.573428359529048137e+00
9.607367698566537939e+00
9.641033041743883203e+00
9.674425146494707306e+00
9.707544777300849859e+00
9.740392705589261624e+00
9.772969709629492741e+00
9.805276574431758263e+00
9.837314091645593450e+00
9.869083059459086371e+00
9.900584282498703814e+00
9.931818571729696288e+00
9.962786744357085666e+00
9.993489623727237259e+00
1.002392803923001807e+01
1.005410282620153772e+01
1.008401482582746311e+01
1.011366488504692995e+01
1.014305385645702273e+01
1.017218259821784265e+01
1.020105197395815644e+01
1.022966285268162245e+01
1.025801610867360125e+01
1.028611262140853988e+01
1.031395327545793883e+01
1.034153896039889453e+01
1.036887057072322271e+01
1.039594900574715908e+01
1.042277516952162841e+01
1.044934997074309990e+01
1.047567432266501086e+01
1.050174914300976603e+01
1.052757535388131238e+01
1.055315388167828061e+01
1.057848565700770749e+01
1.060357161459932129e+01
1.062841269322040283e+01
1.065300983559121129e+01
1.067736398830098210e+01
1.070147610172449504e+01
1.072534712993919825e+01
1.074897803064290791e+01
1.077236976507207444e+01
1.079552329792059950e+01
1.081843959725923021e+01
1.084111963445550941e+01
1.086356438409428193e+01
1.088577482389876927e+01
1.090775193465219495e+01
1.092949670011997299e+01
1.095101010697245236e+01
1.097229314470821393e+01
1.099334680557792154e+01
1.101417208450872920e+01
1.103476997902923706e+01
1.105514148919499817e+01
1.107528761751457758e+01
1.109520936887615861e+01
1.111490775047469093e+01
1.113438377173958926e+01
1.115363844426297923e+01
1.117267278172847611e+01
1.119148779984051778e+01
1.121008451625422531e+01
1.122846395050581592e+01
1.124662712394354003e+01
1.126457505965916539e+01
1.128230878241998880e+01
1.129982931860138962e+01
1.131713769611990372e+01
1.133423494436683931e+01
1.135112209414241491e+01
1.136780017759042671e+01
1.138427022813344180e+01
1.140053328040852065e+01
1.141659037020345657e+01
1.143244253439354097e+01
1.144809081087884195e+01
1.146353623852201409e+01
1.147877985708661441e+01
1.149382270717593713e+01
1.150866583017236522e+01
1.152331026817722837e+01
1.153775706395117950e+01
1.155200726085507057e+01
1.156606190279134516e+01
1.157992203414593391e+01
1.159358869973065254e+01
1.160706294472610089e+01
1.162034581462506644e+01
1.163343835517643043e+01
1.164634161232956089e+01
1.165905663217921173e+01
1.167158446091091051e+01
1.168392614474683810e+01
1.169608272989220410e+01
1.170805526248210882e+01
1.171984478852888678e+01
1.173145235386994401e+01
1.174287900411607666e+01
1.175412578460026936e+01
1.176519374032697307e+01
1.177608391592186443e+01
1.178679735558208286e+01
1.179733510302693666e+01
1.180769820144908699e+01
1.181788769346619894e+01
1.182790462107306517e+01
1.183775002559420031e+01
1.184742494763689002e+01
1.185693042704471445e+01
1.186626750285152987e+01
1.187543721323590695e+01
1.188444059547603615e+01
1.189327868590507897e+01
1.190195251986697933e+01
1.191046313167272785e+01
1.191881155455707386e+01
1.192699882063569028e+01
1.193502596086277912e+01
1.194289400498912990e+01
1.195060398152061332e+01
1.195815691767712252e+01
1.196555383935194961e+01
1.197279577107160087e+01
1.197988373595604372e+01
1.198681875567939414e+01
1.199360185043103044e+01
1.200023403887713869e+01
1.200671633812268091e+01
1.201304976367379673e+01
1.201923532940062422e+01
1.202527404750053996e+01
1.203116692846182545e+01
1.203691498102774382e+01
1.204251921216103582e+01
1.204798062700883499e+01
1.205330022886798425e+01
1.205847901915076825e+01
1.206351799735105246e+01
1.206841816101083076e+01
1.207318050568717105e+01
1.207780602491956934e+01
1.208229571019769821e+01
1.208665055092955498e+01
1.209087153441000773e+01
1.209495964578973393e+01
1.209891586804454988e+01
1.210274118194512916e+01
1.210643656602711360e+01
1.211000299656160450e+01
1.211344144752604279e+01
1.211675289057546401e+01
1.211993829501414233e+01
1.212299862776760406e+01
1.212593485335502308e+01
1.212874793386198569e+01
1.213143882891363035e+01
1.213400849564815331e+01
1.213645788869068731e+01
1.213878796012753902e+01
1.214099965948079962e+01
1.214309393368330703e+01
1.214507172705397409e+01
1.214693398127347201e+01
1.214868163536027268e+01
1.215031562564703904e+01
1.215183688575737087e+01
1.215324634658290037e+01
1.215454493626073251e+01
1.215573358015123162e+01
1.215681320081615624e+01
1.215778471799712968e+01
1.215864904859445161e+01
1.215940710664624724e+01
1.216005980330795566e+01
1.216060804683214336e+01
1.216105274254865876e+01
1.216139479284510827e+01
1.216163509714766811e+01
1.216177455190220869e+01
1.216181405055575837e+01
1.216175448353827626e+01
1.216159673824475007e+01
1.216134169901761020e+01
1.216099024712945997e+01
1.216054326076611858e+01
1.216000161500997301e+01
1.215936618182364626e+01
1.215863783003396570e+01
1.215781742531624410e+01
1.215690583017885373e+01
1.215590390394811315e+01
1.215481250275347058e+01
1.215363247951297865e+01
1.215236468391907287e+01
1.215100996242463793e+01
1.214956915822937056e+01
1.214804311126642844e+01
1.214643265818936690e+01
1.214473863235936513e+01
1.214296186383273302e+01
1.214110317934870054e+01
1.213916340231748769e+01
1.213714335280865164e+01
1.213504384753971088e+01
1.213286569986504482e+01
1.213060971976506153e+01
1.212827671383564088e+01
1.212586748527784231e+01
1.212338283388787730e+01
1.212082355604735717e+01
1.211819044471378781e+01
1.211548428941133970e+01
1.211270587622186490e+01
1.210985598777617867e+01
1.210693540324559692e+01
1.210394489833371878e+01
1.210088524526846854e+01
1.209775721279438265e+01
1.209456156616514555e+01
1.209129906713637403e+01
1.208797047395863622e+01
1.208457654137072446e+01
1.208111802059316275e+01
1.207759565932194690e+01
1.207401020172252970e+01
1.207036238842403897e+01
1.206665295651372283e+01
1.206288263953163309e+01
1.205905216746553243e+01
1.205516226674602898e+01
1.205121366024193819e+01
1.204720706725587220e+01
1.204314320352004053e+01
1.203902278119227987e+01
1.203484650885229712e+01
1.203061509149813268e+01
1.202632923054283509e+01
1.202198962381135061e+01
1.201759696553761891e+01
1.201315194636188544e+01
1.200865525332821626e+01
1.200410756988221905e+01
1.199950957586897005e+01
1.199486194753114354e+01
1.199016535750733503e+01
1.198542047483059392e+01
1.198062796492714455e+01
1.197578848961530440e+01
1.197090270710460125e+01
1.196597127199507149e+01
1.196099483527676277e+01
1.195597404432940714e+01
1.195090954292230201e+01
1.194580197121435461e+01
1.194065196575432708e+01
1.193546015948125216e+01
1.193022718172503538e+01
1.192495365820723308e+01
1.191964021104200278e+01
1.191428745873723827e+01
1.190889601619586813e+01
1.190346649471733365e+01
1.189799950199923018e+01
1.189249564213912436e+01
1.188695551563652941e+01
1.188137971939505100e+01
1.187576884672470001e+01
1.187012348734435641e+01
1.186444422738440529e+01
1.185873164938952229e+01
1.185298633232162402e+01
1.184720885156296966e+01
1.184139977891941342e+01
1.183555968262381697e+01
1.182968912733960920e+01
1.182378867416449353e+01
1.181785888063430434e+01
1.181190030072701269e+01
1.180591348486687231e+01
1.179989897992870951e+01
1.179385732924235519e+01
1.178778907259722075e+01
1.178169474624700541e+01
1.177557488291454924e+01
1.176943001179681403e+01
1.176326065857000103e+01
1.175706734539480358e+01
1.175085059092178952e+01
1.174461091029691140e+01
1.173834881516714468e+01
1.173206481368626086e+01
1.172575941052071435e+01
1.171943310685566075e+01
1.171308640040109417e+01
1.170671978539810887e+01
1.170033375262527464e+01
1.169392878940514180e+01
1.168750537961084746e+01
1.168106400367285147e+01
1.167460513858577542e+01
1.166812925791536415e+01
1.166163683180554855e+01
1.165512832698562562e+01
1.164860420677754504e+01
1.164206493110330243e+01
1.163551095649243727e+01
1.162894273608963758e+01
1.162236071966244566e+01
1.161576535360906703e+01
1.160915708096628229e+01
1.160253634141745138e+01
1.159590357130061911e+01
1.158925920361672190e+01
1.158260366803788344e+01
1.157593739091580431e+01
1.156926079529024953e+01
1.156257430089762472e+01
1.155587832417963945e+01
1.154917327829206464e+01
1.154245957311357351e+01
1.153573761525467134e+01
1.152900780806670689e+01
1.152227055165097447e+01
1.151552624286789239e+01
1.150877527534626488e+01
1.150201803949262569e+01
1.149525492250065639e+01
1.148848630836068807e+01
1.148171257786927768e+01
1.147493410863885721e+01
1.146815127510746102e+01
1.146136444854852243e+01
1.145457399708074675e+01
1.144778028567804995e+01
1.144098367617957202e+01
1.143418452729975421e+01
1.142738319463849095e+01
1.142058003069133498e+01
1.141377538485978071e+01
1.140696960346160793e+01
1.140016302974128237e+01
1.139335600388042380e+01
1.138654886300833624e+01
1.137974194121259330e+01
1.137293556954968210e+01
1.136613007605570935e+01
1.135932578575715901e+01
1.135252302068170671e+01
1.134572209986908931e+01
1.133892333938202945e+01
1.133212705231720818e+01
1.132533354881628718e+01
1.131854313607698970e+01
1.131175611836422057e+01
1.130497279702124480e+01
1.129819347048090350e+01
1.129141843427687952e+01
1.128464798105500932e+01
1.127788240058463920e+01
1.127112197977002239e+01
1.126436700266175883e+01
1.125761775046828106e+01
1.125087450156736857e+01
1.124413753151771367e+01
1.123740711307052287e+01
1.123068351618114846e+01
1.122396700802076452e+01
1.121725785298807665e+01
1.121055631272106190e+01
1.120386264610874960e+01
1.119717710930302701e+01
1.119049995573048761e+01
1.118383143610429542e+01
1.117717179843609543e+01
1.117052128804793831e+01
1.116388014758424951e+01
1.115724861702380721e+01
1.115062693369176472e+01
1.114401533227168706e+01
1.113741404481761599e+01
1.113082330076616167e+01
1.112424332694861384e+01
1.111767434760307438e+01
1.111111658438661820e+01
1.110457025638746664e+01
1.109803558013718572e+01
1.109151276962290744e+01
1.108500203629955472e+01
1.107850358910210353e+01
1.107201763445784692e+01
1.106554437629868026e+01
1.105908401607340608e+01
1.105263675276004065e+01
1.104620278287815260e+01
1.103978230050119791e+01
1.103337549726887445e+01
1.102698256239948904e+01
1.102060368270233504e+01
1.101423904259007536e+01
1.100788882409113967e+01
1.100155320686212868e+01
1.099523236820022198e+01
1.098892648305560549e+01
1.098263572404388810e+01
1.097636026145853982e+01
1.097010026328332444e+01
1.096385589520474291e+01
1.095762732062447498e+01
1.095141470067182787e+01
1.094521819421619213e+01
1.093903795787948319e+01
1.093287414604860253e+01
1.092672691088788994e+01
1.092059640235157403e+01
1.091448276819622620e+01
1.090838615399321121e+01
1.090230670314113937e+01
1.089624455687830995e+01
1.089019985429515280e+01
1.088417273234667348e+01
1.087816332586488066e+01
1.087217176757122239e+01
1.086619818808900639e+01
1.086024271595581858e+01
1.085430547763593623e+01
1.084838659753272871e+01
1.084248619800105295e+01
1.083660439935964526e+01
1.083074131990349365e+01
1.082489707591621020e+01
1.081907178168239092e+01
1.081326554949995611e+01
1.080747848969249603e+01
1.080171071062158994e+01
1.079596231869912160e+01
1.079023341839957517e+01
1.078452411227232588e+01
1.077883450095390927e+01
1.077316468318028519e+01
1.076751475579907336e+01
1.076188481378179063e+01
1.075627495023605462e+01
1.075068525641778727e+01
1.074511582174338997e+01
1.073956673380190985e+01
1.073403807836717938e+01
1.072852993940995070e+01
1.072304239910999790e+01
1.071757553786820516e+01
1.071212943431864417e+01
1.070670416534061431e+01
1.070129980607068099e+01
1.069591642991467850e+01
1.069055410855970223e+01
1.068521291198606882e+01
1.067989290847926931e+01
1.067459416464188138e+01
1.066931674540547270e+01
1.066406071404247946e+01
1.065882613217805464e+01
1.065361305980189854e+01
1.064842155528005918e+01
1.064325167536671479e+01
1.063810347521592625e+01
1.063297700839336635e+01
1.062787232688802419e+01
1.062278948112387766e+01
1.061772851997154454e+01
1.061268949075990875e+01
1.060767243928771286e+01
1.060267740983512752e+01
1.059770444517528887e+01
1.059275358658581467e+01
1.058782487386028492e+01
1.058291834531969755e+01
1.057803403782389218e+01
1.057317198678294545e+01
1.056833222616853973e+01
1.056351478852529624e+01
1.055871970498207801e+01
1.055394700526326801e+01
1.054919671770000988e+01
1.054446886924142213e+01
1.053976348546577313e+01
1.053508059059163671e+01
1.053042020748900320e+01
1.052578235769036219e+01
1.052116706140175495e+01
1.051657433751379500e+01
1.051200420361264776e+01
1.050745667599098354e+01
1.050293176965889508e+01
1.049842949835477945e+01
1.049394987455618811e+01
1.048949290949064306e+01
1.048505861314641052e+01
1.048064699428325142e+01
1.047625806044312746e+01
1.047189181796087531e+01
1.046754827197484694e+01
1.046322742643751091e+01
1.045892928412601819e+01
1.045465384665273234e+01
1.045040111447572251e+01
1.044617108690922258e+01
1.044196376213404598e+01
1.043777913720797379e+01
1.043361720807609849e+01
1.042947796958113216e+01
1.042536141547367556e+01
1.042126753842245002e+01
1.041719633002449541e+01
1.041314778081532388e+01
1.040912188027903973e+01
1.040511861685841488e+01
1.040113797796493245e+01
1.039717994998879114e+01
1.039324451830886176e+01
1.038933166730261703e+01
1.038544138035601172e+01
1.038157363987333071e+01
1.037772842728699274e+01
1.037390572306731684e+01
1.037010550673224785e+01
1.036632775685703933e+01
1.036257245108390634e+01
1.035883956613162127e+01
1.035512907780508840e+01
1.035144096100486166e+01
1.034777518973663213e+01
1.034413173712066758e+01
1.034051057540122009e+01
1.033691167595588389e+01
1.033333500930491589e+01
1.032978054512051713e+01
1.032624825223606635e+01
1.032273809865532144e+01
1.031925005156157304e+01
1.031578407732675551e+01
1.031234014152052225e+01
1.030891820891927679e+01
1.030551824351515933e+01
1.030214020852499068e+01
1.029878406639918431e+01
1.029544977883060497e+01
1.029213730676338834e+01
1.028884661040172155e+01
1.028557764921857753e+01
1.028233038196441562e+01
1.027910476667582529e+01
1.027590076068413794e+01
1.027271832062399959e+01
1.026955740244188853e+01
1.026641796140460094e+01
1.026329995210768864e+01
1.026020332848385941e+01
1.025712804381132770e+01
1.025407405072212619e+01
1.025104130121038004e+01
1.024802974664052435e+01
1.024503933775549669e+01
1.024207002468486927e+01
1.023912175695295623e+01
1.023619448348685879e+01
1.023328815262448366e+01
1.023040271212250829e+01
1.022753810916431227e+01
1.022469429036785549e+01
1.022187120179352071e+01
1.021906878895191007e+01
1.021628699681160235e+01
1.021352576980686244e+01
1.021078505184530805e+01
1.020806478631553915e+01
1.020536491609471952e+01
1.020268538355611554e+01
1.020002613057659246e+01
1.019738709854406977e+01
1.019476822836493390e+01
1.019216946047140127e+01
1.018959073482884925e+01
1.018703199094309397e+01
1.018449316786763426e+01
1.018197420421084409e+01
1.017947503814312782e+01
1.017699560740403086e+01
1.017453584930931143e+01
1.017209570075796243e+01
1.016967509823919613e+01
1.016727397783938258e+01
1.016489227524895078e+01
1.016252992576923830e+01
1.016018686431931073e+01
1.015786302544272601e+01
1.015555834331426333e+01
1.015327275174661104e+01
1.015100618419700673e+01
1.014875857377383639e+01
1.014652985324319800e+01
1.014431995503541195e+01
1.014212881125149579e+01
1.013995635366960002e+01
1.013780251375139052e+01
1.013566722264840436e+01
1.013355041120834699e+01
1.013145200998136453e+01
1.012937194922625750e+01
1.012731015891666608e+01
1.012526656874720921e+01
1.012324110813957567e+01
1.012123370624858687e+01
1.011924429196820441e+01
1.011727279393750756e+01
1.011531914054661740e+01
1.011338325994259435e+01
1.011146508003528233e+01
1.010956452850311749e+01
1.010768153279889070e+01
1.010581602015548164e+01
1.010396791759153423e+01
1.010213715191710371e+01
1.010032364973926455e+01
1.009852733746766340e+01
1.009674814132005061e+01
1.009498598732775321e+01
1.009324080134112300e+01
1.009151250903493136e+01
1.008980103591373378e+01
1.008810630731719016e+01
1.008642824842534225e+01
1.008476678426385931e+01
1.008312183970923392e+01
1.008149333949394588e+01
1.007988120821158340e+01
1.007828537032192351e+01
1.007670575015597692e+01
1.007514227192099021e+01
1.007359485970540902e+01
1.007206343748380384e+01
1.007054792912175678e+01
1.006904825838070927e+01
1.006756434892276708e+01
1.006609612431547163e+01
1.006464350803653396e+01
1.006320642347852257e+01
1.006178479395352099e+01
1.006037854269774279e+01
1.005898759287610922e+01
1.005761186758678960e+01
1.005625128986570438e+01
1.005490578269098734e+01
1.005357526898741227e+01
1.005225967163078415e+01
1.005095891345229120e+01
1.004967291724281431e+01
1.004840160575720986e+01
1.004714490171854813e+01
1.004590272782231608e+01
1.004467500674058122e+01
1.004346166112612693e+01
1.004226261361653982e+01
1.004107778683827235e+01
1.003990710341065551e+01
1.003875048594989039e+01
1.003760785707299164e+01
1.003647913940170078e+01
1.003536425556636402e+01
1.003426312820977273e+01
1.003317567999096660e+01
1.003210183358900132e+01
1.003104151170669134e+01
1.002999463707429939e+01
1.002896113245320642e+01
1.002794092063953890e+01
1.002693392446776421e+01
1.002594006681425043e+01
1.002495927060078884e+01
1.002399145879809161e+01
1.002303655442924146e+01
1.002209448057311825e+01
1.002116516036778471e+01
1.002024851701384733e+01
1.001934447377776927e+01
1.001845295399516722e+01
1.001757388107405511e+01
1.001670717849807524e+01
1.001585276982967976e+01
1.001501057871328726e+01
1.001418052887840560e+01
1.001336254414272098e+01
1.001255654841515330e+01
1.001176246569888129e+01
1.001098022009433564e+01
1.001020973580215667e+01
1.000945093712612532e+01
1.000870374847605326e+01
1.000796809437065527e+01
1.000724389944037362e+01
1.000653108843018657e+01
1.000582958620237406e+01
1.000513931773925513e+01
1.000446020814590220e+01
1.000379218265280912e+01
1.000313516661854685e+01
1.000248908553237115e+01
1.000185386501681251e+01
1.000122943083022697e+01
1.000061570886932572e+01
1.000001262517166722e+01
9.999420105918122914e+00
9.998838077435310723e+00
9.998266466198003855e+00
9.997705198831503992e+00
9.997154202113989641e+00
9.996613402978834273e+00
9.996082728516896054e+00
9.995562105978775591e+00
9.995051462777050588e+00
9.994550726488474979e+00
9.994059824856156737e+00
9.993578685791701943e+00
9.993107237377335750e+00
9.992645407867989604e+00
9.992193125693365374e+00
9.991750319459971053e+00
9.991316917953126264e+00
9.990892850138942904e+00
9.990478045166279131e+00
9.990072432368664934e+00
9.989675941266199288e+00
9.989288501567424206e+00
9.988910043171168596e+00
9.988540496168370808e+00
9.988179790843865646e+00
9.987827857678157173e+00
9.987484627349155986e+00
9.987150030733893402e+00
9.986823998910212552e+00
9.986506463158431046e+00
9.986197354962980555e+00
9.985896606014016186e+00
9.985604148209006325e+00
9.985319913654294055e+00
9.985043834666639029e+00
9.984775843774727377e+00
9.984515873720658519e+00
9.984263857461412428e+00
9.984019728170290264e+00
9.983783419238328349e+00
9.983554864275690832e+00
9.983333997113037483e+00
9.983120751802870174e+00
9.982915062620850932e+00
9.982716864067102236e+00
9.982526090867480661e+00
9.982342677974829215e+00
9.982166560570203018e+00
9.981997674064077231e+00
9.981835954097531882e+00
9.981681336543410055e+00
9.981533757507454752e+00
9.981393153329428003e+00
9.981259460584205101e+00
9.981132616082845743e+00
9.981012556873643859e+00
9.980899220243156122e+00
9.980792543717210918e+00
9.980692465061894225e+00
9.980598922284514174e+00
9.980511853634546071e+00
9.980431197604550775e+00
9.980356892931080637e+00
9.980288878595562352e+00
9.980227093825156715e+00
9.980171478093597059e+00
9.980121971122013491e+00
9.980078512879732244e+00
9.980041043585055505e+00
9.980009503706021690e+00
9.979983833961147965e+00
9.979963975320155001e+00
9.979949869004665075e+00
9.979941456488887752e+00
9.979938679500282461e+00
9.979941480020206868e+00
9.979949800284538597e+00
9.979963582784288079e+00
9.979982770266188297e+00
9.980007305733259670e+00
9.980037132445371384e+00
9.980072193919768964e+00
9.980112433931594751e+00
9.980157796514387059e+00
9.980208225960561563e+00
9.980263666821874935e+00
9.980324063909868926e+00
9.980389362296303801e+00
9.980459507313568679e+00
9.980534444555074103e+00
9.980614119875633961e+00
9.980698479391826083e+00
9.980787469482336860e+00
9.980881036788288085e+00
9.980979128213553153e+00
9.981081690925048377e+00
9.981188672353013658e+00
9.981300020191282485e+00
9.981415682397521749e+00
9.981535607193469772e+00
9.981659743065151247e+00
9.981788038763077964e+00
9.981920443302438883e+00
9.982056905963267113e+00
9.982197376290598001e+00
9.982341804094609472e+00
9.982490139450749922e+00
9.982642332699850130e+00
9.982798334448219180e+00
9.982958095567727952e+00
9.983121567195878399e+00
9.983288700735858612e+00
9.983459447856581903e+00
9.983633760492715226e+00
9.983811590844691608e+00
9.983992891378708379e+00
9.984177614826716507e+00
9.984365714186388630e+00
9.984557142721079970e+00
9.984751853959775048e+00
9.984949801697023730e+00
