3.898844278171753053e-01
3.899480874704747135e-01
3.922888171548910008e-01
3.978603801729239664e-01
4.075399707764326696e-01
4.221340266001004093e-01
4.423836015760683193e-01
4.689693325556080206e-01
5.025160303520097571e-01
5.435969235970394831e-01
5.927375816570120692e-01
6.504195408704704917e-01
7.170836565353851944e-01
7.931332013783627399e-01
8.789367296710852706e-01
9.748307247104193163e-01
1.081122046039362683e+00
1.198090191547973582e+00
1.325989388448988837e+00
1.465050526064910486e+00
1.615482942385392695e+00
1.776341075449731965e+00
1.946751308672383551e+00
2.125906529647930476e+00
2.313061100293569261e+00
2.507526207234234583e+00
2.708665563686073696e+00
2.915891436266898840e+00
3.128660972170887788e+00
3.346472804001608292e+00
3.568299319438740014e+00
3.792622871705185084e+00
4.018045488200312043e+00
4.243279796964631423e+00
4.467140639198381891e+00
4.688537315971407438e+00
4.906466421182247295e+00
5.120005216448499041e+00
5.328305506960716365e+00
5.530587980429047867e+00
5.726136974114620415e+00
5.914295637584112697e+00
6.094639605242349489e+00
6.267401405235017542e+00
6.432821757324513001e+00
6.591146427731188417e+00
6.742623632437136472e+00
6.887501904918561735e+00
7.026028356698096111e+00
7.158447269716341488e+00
7.284998968577455436e+00
7.405918928452967620e+00
7.521437081024684446e+00
7.631777286476651767e+00
7.737156944348902776e+00
7.837786720162677412e+00
7.933870368221016989e+00
8.025604633968129065e+00
8.113179221830860044e+00
8.196776816630270801e+00
8.276573148495568688e+00
8.352737092783332429e+00
8.425430797842214048e+00
8.494809834601218412e+00
8.561023362927562275e+00
8.624214310522861027e+00
8.684519560825386009e+00
8.742070146979518341e+00
8.796991449436889710e+00
8.849403395180246434e+00
8.899420656922266915e+00
8.947152850936927138e+00
8.992704732438919990e+00
9.036176387644104580e+00
9.077663421827001144e+00
9.117257142845119233e+00
9.155044739728763759e+00
9.191109456042690695e+00
9.225530757815718630e+00
9.258384495908893896e+00
9.289743062754423519e+00
9.319675543448154187e+00
9.348247861219794785e+00
9.375522917338606987e+00
9.401560725539209074e+00
9.426418541073532609e+00
9.450150984511655139e+00
9.472810160427027171e+00
9.494445771111083232e+00
9.515105225468996508e+00
9.534833743252798754e+00
9.553674454790698434e+00
9.571668496372451429e+00
9.588855101450389995e+00
9.605271687814491699e+00
9.620953940897701173e+00
9.635935893364992566e+00
9.650250001136344125e+00
9.663927215990085529e+00
9.676997054889090677e+00
9.689487666168050239e+00
9.701425892715676014e+00
9.712837332281228697e+00
9.723746395030220313e+00
9.734176358469635915e+00
9.744149419858501915e+00
9.753686746215194603e+00
9.762808522028469937e+00
9.771533994774951992e+00
9.779881518341568380e+00
9.787868594447399317e+00
9.795511912155383527e+00
9.802827385560531681e+00
9.809830189737555273e+00
9.816534795027235916e+00
9.822954999737406823e+00
9.829103961331068007e+00
9.834994226170984177e+00
9.840637757886995018e+00
9.846045964429341879e+00
9.851229723868449639e+00
9.856199408998911338e+00
9.860964910802788808e+00
9.865535660824853892e+00
9.869920652510021597e+00
9.874128461550906621e+00
9.878167265291272869e+00
9.882044861229044130e+00
9.885768684660545702e+00
9.889345825505731824e+00
9.892783044352334798e+00
9.896086787755113079e+00
9.899263202824736041e+00
9.902318151139219538e+00
9.905257222009337781e+00
9.908085745127959143e+00
9.910808802631903447e+00
9.913431240603552297e+00
9.915957680038237854e+00
9.918392527302176020e+00
9.920739984104613995e+00
9.923004057006725276e+00
9.925188566488774455e+00
9.927297155596043865e+00
9.929333298183101064e+00
9.931300306775042941e+00
9.933201340063517293e+00
9.935039410054470110e+00
9.936817388883808277e+00
9.938538015316394691e+00
9.940203900943085813e+00
9.941817536089835983e+00
9.943381295452255131e+00
9.944897443468356357e+00
9.946368139441668532e+00
9.947795442426308199e+00
9.949181315885072152e+00
9.950527632131088041e+00
9.951836176563086056e+00
9.953108651703880483e+00
9.954346681051195134e+00
9.955551812749568796e+00
9.956725523091632724e+00
9.957869219856707588e+00
9.958984245494260534e+00
9.960071880159446778e+00
9.961133344607599582e+00
9.962169802954223385e+00
9.963182365306739285e+00
9.964172090273944349e+00
9.965139987358870854e+00
9.966087019240443823e+00
9.967014103949134451e+00
9.967922116941506872e+00
9.968811893078370900e+00
9.969684228511022539e+00
9.970539882479826588e+00
9.971379579029234108e+00
9.972204008643103634e+00
9.973013829804040498e+00
9.973809670480267897e+00
9.974592129543419006e+00
9.975361778120444001e+00
9.976119160882699788e+00
9.976864797275135643e+00
9.977599182688370760e+00
9.978322789576301588e+00
9.979036068521777381e+00
9.979739449252768679e+00
9.980433341611298914e+00
9.981118136477373781e+00
9.981794206649958312e+00
9.982461907687035563e+00
9.983121578706617427e+00
9.983773543150542551e+00
9.984418109512780859e+00
9.985055572033894933e+00
9.985686211363232090e+00
9.986310295190351738e+00
9.986928078847101986e+00
9.987539805881732846e+00
9.988145708606319673e+00
9.988746008618759831e+00
9.989340917300504330e+00
9.989930636291173727e+00
9.990515357941104568e+00
9.991095265742885090e+00
9.991670534742825183e+00
9.992241331933309212e+00
9.992807816626926964e+00
9.993370140813205182e+00
9.993928449498776345e+00
9.994482881031732546e+00
9.995033567410912312e+00
9.995580634580814916e+00
9.996124202712806550e+00
9.996664386473268493e+00
9.997201295279278810e+00
9.997735033542413774e+00
9.998265700901225017e+00
9.998793392442909322e+00
9.999318198914680877e+00
9.999840206925325603e+00
1.000035949913737809e+01
1.000087615445038480e+01
1.000139024817563715e+01
1.000190185220279737e+01
1.000241103515877050e+01
1.000291786255920634e+01
1.000342239695294921e+01
1.000392469805978735e+01
1.000442482290179491e+01
1.000492282592857229e+01
1.000541875913666523e+01
1.000591267218343816e+01
1.000640461249565938e+01
1.000689462537303243e+01
1.000738275408691891e+01
1.000786903997448363e+01
1.000835352252845034e+01
1.000883623948269907e+01
1.000931722689388259e+01
1.000979651921924329e+01
1.001027414939082760e+01
1.001075014888624182e+01
1.001122454779612347e+01
1.001169737488847744e+01
1.001216865767002417e+01
1.001263842244469693e+01
1.001310669436941758e+01
1.001357349750728432e+01
1.001403885487829015e+01
1.001450278850767894e+01
1.001496531947205604e+01
1.001542646794336200e+01
1.001588625323079640e+01
1.001634469382080006e+01
1.001680180741517034e+01
1.001725761096741429e+01
1.001771212071741246e+01
1.001816535222446269e+01
1.001861732039879982e+01
1.001906803953164626e+01
1.001951752332386469e+01
1.001996578491328016e+01
1.002041283690073747e+01
1.002085869137494001e+01
1.002130335993614452e+01
1.002174685371874041e+01
1.002218918341279874e+01
1.002263035928460155e+01
1.002307039119623333e+01
1.002350928862424873e+01
1.002394706067748409e+01
1.002438371611403412e+01
1.002481926335743978e+01
1.002525371051213376e+01
1.002568706537815579e+01
1.002611933546518941e+01
1.002655052800595215e+01
1.002698064996895333e+01
1.002740970807066567e+01
1.002783770878713376e+01
1.002826465836503544e+01
1.002869056283223692e+01
1.002911542800785050e+01
1.002953925951183223e+01
1.002996206277413016e+01
1.003038384304340802e+01
1.003080460539536034e+01
1.003122435474064744e+01
1.003164309583245917e+01
1.003206083327372689e+01
1.003247757152400155e+01
1.003289331490600667e+01
1.003330806761189997e+01
1.003372183370922777e+01
1.003413461714661814e+01
1.003454642175919709e+01
1.003495725127376126e+01
1.003536710931370912e+01
1.003577599940373943e+01
1.003618392497433653e+01
1.003659088936604071e+01
1.003699689583353027e+01
1.003740194754950288e+01
1.003780604760838635e+01
1.003820919902987008e+01
1.003861140476227476e+01
1.003901266768577116e+01
1.003941299061543724e+01
1.003981237630418555e+01
1.004021082744555038e+01
1.004060834667634161e+01
1.004100493657918136e+01
1.004140059968491805e+01
1.004179533847493211e+01
1.004218915538333512e+01
1.004258205279906235e+01
1.004297403306787118e+01
1.004336509849424885e+01
1.004375525134322622e+01
1.004414449384211139e+01
1.004453282818214355e+01
1.004492025652006859e+01
1.004530678097964014e+01
1.004569240365305482e+01
1.004607712660231655e+01
1.004646095186053856e+01
1.004684388143319218e+01
1.004722591729928460e+01
1.004760706141249216e+01
1.004798731570224213e+01
1.004836668207473238e+01
1.004874516241391902e+01
1.004912275858244719e+01
1.004949947242254460e+01
1.004987530575686883e+01
1.005025026038932268e+01
1.005062433810582512e+01
1.005099754067504669e+01
1.005136986984911829e+01
1.005174132736429549e+01
1.005211191494160339e+01
1.005248163428744590e+01
1.005285048709418660e+01
1.005321847504070298e+01
1.005358559979291933e+01
1.005395186300430765e+01
1.005431726631637268e+01
1.005468181135911010e+01
1.005504549975144357e+01
1.005540833310164217e+01
1.005577031300772362e+01
1.005613144105783086e+01
1.005649171883059445e+01
1.005685114789548074e+01
1.005720972981311867e+01
1.005756746613561958e+01
1.005792435840687382e+01
1.005828040816283853e+01
1.005863561693180941e+01
1.005898998623468543e+01
1.005934351758521395e+01
1.005969621249022872e+01
1.006004807244987909e+01
1.006039909895784135e+01
1.006074929350153013e+01
1.006109865756229027e+01
1.006144719261559040e+01
1.006179490013119526e+01
1.006214178157334160e+01
1.006248783840089978e+01
1.006283307206753008e+01
1.006317748402182843e+01
1.006352107570747378e+01
1.006386384856335781e+01
1.006420580402371812e+01
1.006454694351825729e+01
1.006488726847226545e+01
1.006522678030673035e+01
1.006556548043844579e+01
1.006590337028010929e+01
1.006624045124042865e+01
1.006657672472420550e+01
1.006691219213243293e+01
1.006724685486237725e+01
1.006758071430765611e+01
1.006791377185832026e+01
1.006824602890092812e+01
1.006857748681861509e+01
1.006890814699116099e+01
1.006923801079505409e+01
1.006956707960355679e+01
1.006989535478676068e+01
1.007022283771164339e+01
1.007054952974212370e+01
1.007087543223911474e+01
1.007120054656057029e+01
1.007152487406153263e+01
1.007184841609417880e+01
1.007217117400786321e+01
1.007249314914915850e+01
1.007281434286189636e+01
1.007313475648720313e+01
1.007345439136353704e+01
1.007377324882672198e+01
1.007409133020998127e+01
1.007440863684397137e+01
1.007472517005681034e+01
1.007504093117410271e+01
1.007535592151897497e+01
1.007567014241209868e+01
1.007598359517171360e+01
1.007629628111365783e+01
1.007660820155138381e+01
1.007691935779598857e+01
1.007722975115622965e+01
1.007753938293854823e+01
1.007784825444708865e+01
1.007815636698371797e+01
1.007846372184804373e+01
1.007877032033742992e+01
1.007907616374701654e+01
1.007938125336973556e+01
1.007968559049632518e+01
1.007998917641534398e+01
1.008029201241318873e+01
1.008059409977410326e+01
1.008089543978019798e+01
1.008119603371145701e+01
1.008149588284575415e+01
1.008179498845886357e+01
1.008209335182447219e+01
1.008239097421418684e+01
1.008268785689755198e+01
1.008298400114205329e+01
1.008327940821313184e+01
1.008357407937418948e+01
1.008386801588660475e+01
1.008416121900973650e+01
1.008445369000093272e+01
1.008474543011554125e+01
1.008503644060691684e+01
1.008532672272642827e+01
1.008561627772346903e+01
1.008590510684545904e+01
1.008619321133785718e+01
1.008648059244416473e+01
1.008676725140593611e+01
1.008705318946278062e+01
1.008733840785237312e+01
1.008762290781045579e+01
1.008790669057084699e+01
1.008818975736544665e+01
1.008847210942424510e+01
1.008875374797532132e+01
1.008903467424485356e+01
1.008931488945712474e+01
1.008959439483452414e+01
1.008987319159755813e+01
1.009015128096484837e+01
1.009042866415314244e+01
1.009070534237731387e+01
1.009098131685036925e+01
1.009125658878345355e+01
1.009153115938585188e+01
1.009180502986499484e+01
1.009207820142646561e+01
1.009235067527399821e+01
1.009262245260948809e+01
1.009289353463299044e+01
1.009316392254272721e+01
1.009343361753509249e+01
1.009370262080465075e+01
1.009397093354414743e+01
1.009423855694450545e+01
1.009450549219483584e+01
1.009477174048243775e+01
1.009503730299280022e+01
1.009530218090960929e+01
1.009556637541474977e+01
1.009582988768830702e+01
1.009609271890857407e+01
1.009635487025205158e+01
1.009661634289345322e+01
1.009687713800570563e+01
1.009713725675995555e+01
1.009739670032557157e+01
1.009765546987014595e+01
1.009791356655949990e+01
1.009817099155768361e+01
1.009842774602698157e+01
1.009868383112791612e+01
1.009893924801924925e+01
1.009919399785798255e+01
1.009944808179936793e+01
1.009970150099690223e+01
1.009995425660233437e+01
1.010020634976566889e+01
1.010045778163516417e+01
1.010070855335734130e+01
1.010095866607698234e+01
1.010120812093713560e+01
1.010145691907911569e+01
1.010170506164250881e+01
1.010195254976517631e+01
1.010219938458325295e+01
1.010244556723115394e+01
1.010269109884157679e+01
1.010293598054549946e+01
1.010318021347219108e+01
1.010342379874920660e+01
1.010366673750239563e+01
1.010390903085590075e+01
1.010415067993216276e+01
1.010439168585192071e+01
1.010463204973421547e+01
1.010487177269639503e+01
1.010511085585411450e+01
1.010534930032133616e+01
1.010558710721033826e+01
1.010582427763171154e+01
1.010606081269436451e+01
1.010629671350552705e+01
1.010653198117074858e+01
1.010676661679390698e+01
1.010700062147720324e+01
1.010723399632117214e+01
1.010746674242467869e+01
1.010769886088492164e+01
1.010793035279744068e+01
1.010816121925610922e+01
1.010839146135314870e+01
1.010862108017911964e+01
1.010885007682293413e+01
1.010907845237184866e+01
1.010930620791147483e+01
1.010953334452577757e+01
1.010975986329707688e+01
1.010998576530605142e+01
1.011021105163174383e+01
1.011043572335155716e+01
1.011065978154126022e+01
1.011088322727499289e+01
1.011110606162526260e+01
1.011132828566295139e+01
1.011154990045731417e+01
1.011177090707598758e+01
1.011199130658498468e+01
1.011221110004870205e+01
1.011243028852991976e+01
1.011264887308980676e+01
1.011286685478791902e+01
1.011308423468220496e+01
1.011330101382900537e+01
1.011351719328306054e+01
1.011373277409750671e+01
1.011394775732387963e+01
1.011416214401211988e+01
1.011437593521057288e+01
1.011458913196599241e+01
1.011480173532354065e+01
1.011501374632679173e+01
1.011522516601773347e+01
1.011543599543677274e+01
1.011564623562273368e+01
1.011585588761286125e+01
1.011606495244282478e+01
1.011627343114671973e+01
1.011648132475706596e+01
1.011668863430481657e+01
1.011689536081935614e+01
1.011710150532850427e+01
1.011730706885851738e+01
1.011751205243408869e+01
1.011771645707835532e+01
1.011792028381289477e+01
1.011812353365773376e+01
1.011832620763134472e+01
1.011852830675065107e+01
1.011872983203102905e+01
1.011893078448630590e+01
1.011913116512877053e+01
1.011933097496916645e+01
1.011953021501670058e+01
1.011972888627904332e+01
1.011992698976232852e+01
1.012012452647115879e+01
1.012032149740860731e+01
1.012051790357621783e+01
1.012071374597400997e+01
1.012090902560047745e+01
1.012110374345259345e+01
1.012129790052581413e+01
1.012149149781407331e+01
1.012168453630979492e+01
1.012187701700388587e+01
1.012206894088574494e+01
1.012226030894326279e+01
1.012245112216282017e+01
1.012264138152929860e+01
1.012283108802607146e+01
1.012302024263501821e+01
1.012320884633651552e+01
1.012339690010944615e+01
1.012358440493120071e+01
1.012377136177767589e+01
1.012395777162327981e+01
1.012414363544093376e+01
1.012432895420207402e+01
1.012451372887665180e+01
1.012469796043314041e+01
1.012488164983853167e+01
1.012506479805834303e+01
1.012524740605661400e+01
1.012542947479591504e+01
1.012561100523734403e+01
1.012579199834053156e+01
1.012597245506364096e+01
1.012615237636337362e+01
1.012633176319496542e+01
1.012651061651219386e+01
1.012668893726737807e+01
1.012686672641138230e+01
1.012704398489361601e+01
1.012722071366203913e+01
1.012739691366315853e+01
1.012757258584203512e+01
1.012774773114228388e+01
1.012792235050607559e+01
1.012809644487414218e+01
1.012827001518577319e+01
1.012844306237882286e+01
1.012861558738971013e+01
1.012878759115341865e+01
1.012895907460350209e+01
1.012913003867208594e+01
1.012930048428986574e+01
1.012947041238611412e+01
1.012963982388868089e+01
1.012980871972399477e+01
1.012997710081706337e+01
1.013014496809147857e+01
1.013031232246941826e+01
1.013047916487164635e+01
1.013064549621751453e+01
1.013081131742496765e+01
1.013097662941054189e+01
1.013114143308936832e+01
1.013130572937517826e+01
1.013146951918029792e+01
1.013163280341565731e+01
1.013179558299078664e+01
1.013195785881382349e+01
1.013211963179151276e+01
1.013228090282920668e+01
1.013244167283087016e+01
1.013260194269907899e+01
1.013276171333502518e+01
1.013292098563851695e+01
1.013307976050798231e+01
1.013323803884046903e+01
1.013339582153164820e+01
1.013355310947581422e+01
1.013370990356589019e+01
1.013386620469342780e+01
1.013402201374860923e+01
1.013417733162024703e+01
1.013433215919579133e+01
1.013448649736132623e+01
1.013464034700157690e+01
1.013479370899990606e+01
1.013494658423831929e+01
1.013509897359746681e+01
1.013525087795664703e+01
1.013540229819380301e+01
1.013555323518552953e+01
1.013570368980707315e+01
1.013585366293233569e+01
1.013600315543387076e+01
1.013615216818289433e+01
1.013630070204927947e+01
1.013644875790155986e+01
1.013659633660693515e+01
1.013674343903126740e+01
1.013689006603908815e+01
1.013703621849359848e+01
1.013718189725666896e+01
1.013732710318884145e+01
1.013747183714933797e+01
1.013761609999605184e+01
1.013775989258555832e+01
1.013790321577311104e+01
1.013804607041264738e+01
1.013818845735678842e+01
1.013833037745684074e+01
1.013847183156279996e+01
1.013861282052335255e+01
1.013875334518587401e+01
1.013889340639643422e+01
1.013903300499980098e+01
1.013917214183943649e+01
1.013931081775750265e+01
1.013944903359486460e+01
1.013958679019108722e+01
1.013972408838444395e+01
1.013986092901191149e+01
1.013999731290917516e+01
1.014013324091063240e+01
1.014026871384939099e+01
1.014040373255727445e+01
1.014053829786482197e+01
1.014067241060128843e+01
1.014080607159464975e+01
1.014093928167160463e+01
1.014107204165757103e+01
1.014120435237669504e+01
1.014133621465184909e+01
1.014146762930463197e+01
1.014159859715537593e+01
1.014172911902314489e+01
1.014185919572573447e+01
1.014198882807967905e+01
1.014211801690024828e+01
1.014224676300145234e+01
1.014237506719604376e+01
1.014250293029551564e+01
1.014263035311010874e+01
1.014275733644880972e+01
1.014288388111935113e+01
1.014300998792822028e+01
1.014313565768065217e+01
1.014326089118063834e+01
1.014338568923092510e+01
1.014351005263301531e+01
1.014363398218717371e+01
1.014375747869242339e+01
1.014388054294654928e+01
1.014400317574610355e+01
1.014412537788640378e+01
1.014424715016153655e+01
1.014436849336435387e+01
1.014448940828648560e+01
1.014460989571832883e+01
1.014472995644906028e+01
1.014484959126663099e+01
1.014496880095777165e+01
1.014508758630799257e+01
1.014520594810158727e+01
1.014532388712163069e+01
1.014544140414998630e+01
1.014555849996730252e+01
1.014567517535301810e+01
1.014579143108536208e+01
1.014590726794135556e+01
1.014602268669681528e+01
1.014613768812635364e+01
1.014625227300337862e+01
1.014636644210009919e+01
1.014648019618752528e+01
1.014659353603546954e+01
1.014670646241254914e+01
1.014681897608618755e+01
1.014693107782261805e+01
1.014704276838688024e+01
1.014715404854282532e+01
1.014726491905312145e+01
1.014737538067924838e+01
1.014748543418150106e+01
1.014759508031899671e+01
1.014770431984966947e+01
1.014781315353027580e+01
1.014792158211639617e+01
1.014802960636243334e+01
1.014813722702162124e+01
1.014824444484601784e+01
1.014835126058651227e+01
1.014845767499282658e+01
1.014856368881351578e+01
1.014866930279596957e+01
1.014877451768641414e+01
1.014887933422991395e+01
1.014898375317037349e+01
1.014908777525053907e+01
1.014919140121200059e+01
1.014929463179519331e+01
1.014939746773939966e+01
1.014949990978274741e+01
1.014960195866221859e+01
1.014970361511364239e+01
1.014980487987170399e+01
1.014990575366994285e+01
1.015000623724075623e+01
1.015010633131539741e+01
1.015020603662398102e+01
1.015030535389548305e+01
1.015040428385774263e+01
1.015050282723746378e+01
1.015060098476021544e+01
1.015069875715043501e+01
1.015079614513143014e+01
1.015089314942538046e+01
1.015098977075333764e+01
1.015108600983522891e+01
1.015118186738985528e+01
1.015127734413489691e+01
1.015137244078691303e+01
1.015146715806134559e+01
1.015156149667251739e+01
1.015165545733363395e+01
1.015174904075678874e+01
1.015184224765296328e+01
1.015193507873202527e+01
1.015202753470273578e+01
1.015211961627274562e+01
1.015221132414860250e+01
1.015230265903574569e+01
1.015239362163851489e+01
1.015248421266014489e+01
1.015257443280277450e+01
1.015266428276744115e+01
1.015275376325408629e+01
1.015284287496155535e+01
1.015293161858760307e+01
1.015301999482888995e+01
1.015310800438098582e+01
1.015319564793837337e+01
1.015328292619444639e+01
1.015336983984151509e+01
1.015345638957080254e+01
1.015354257607245003e+01
1.015362840003551881e+01
1.015371386214799010e+01
1.015379896309676866e+01
1.015388370356768100e+01
1.015396808424547892e+01
1.015405210581384132e+01
1.015413576895537417e+01
1.015421907435161586e+01
1.015430202268303361e+01
1.015438461462902886e+01
1.015446685086793899e+01
1.015454873207703379e+01
1.015463025893252258e+01
1.015471143210955240e+01
1.015479225228221338e+01
1.015487272012353515e+01
1.015495283630549217e+01
1.015503260149900377e+01
1.015511201637393590e+01
1.015519108159910289e+01
1.015526979784226924e+01
1.015534816577014787e+01
1.015542618604840897e+01
1.015550385934167288e+01
1.015558118631351725e+01
1.015565816762647700e+01
1.015573480394204431e+01
1.015581109592067399e+01
1.015588704422178168e+01
1.015596264950374739e+01
1.015603791242391196e+01
1.015611283363858597e+01
1.015618741380304790e+01
1.015626165357154242e+01
1.015633555359728746e+01
1.015640911453247242e+01
1.015648233702825998e+01
1.015655522173478786e+01
1.015662776930117062e+01
1.015669998037550137e+01
1.015677185560485185e+01
1.015684339563527594e+01
1.015691460111180966e+01
1.015698547267847296e+01
1.015705601097826971e+01
1.015712621665319304e+01
1.015719609034422355e+01
1.015726563269132932e+01
1.015733484433347478e+01
1.015740372590861185e+01
1.015747227805369057e+01
1.015754050140465381e+01
1.015760839659644432e+01
1.015767596426299946e+01
1.015774320503726003e+01
1.015781011955116853e+01
1.015787670843566737e+01
1.015794297232070420e+01
1.015800891183523369e+01
1.015807452760721752e+01
1.015813982026362616e+01
1.015820479043043711e+01
1.015826943873264376e+01
1.015833376579425007e+01
1.015839777223827411e+01
1.015846145868674988e+01
1.015852482576073079e+01
1.015858787408028618e+01
1.015865060426450484e+01
1.015871301693150031e+01
1.015877511269840561e+01
1.015883689218138031e+01
1.015889835599560875e+01
1.015895950475530185e+01
1.015902033907370061e+01
1.015908085956307438e+01
1.015914106683472440e+01
1.015920096149898377e+01
1.015926054416522106e+01
1.015931981544184026e+01
1.015937877593628258e+01
1.015943742625502644e+01
1.015949576700358925e+01
1.015955379878653098e+01
1.015961152220745412e+01
1.015966893786900371e+01
1.015972604637287091e+01
1.015978284831979295e+01
1.015983934430955671e+01
1.015989553494099695e+01
1.015995142081199809e+01
1.016000700251949951e+01
1.016006228065949202e+01
1.016011725582702141e+01
1.016017192861619201e+01
1.016022629962016133e+01
1.016028036943115076e+01
1.016033413864043844e+01
1.016038760783836636e+01
1.016044077761433684e+01
1.016049364855681958e+01
1.016054622125334994e+01
1.016059849629052714e+01
1.016065047425402312e+01
1.016070215572857727e+01
1.016075354129799990e+01
1.016080463154517410e+01
1.016085542705205746e+01
1.016090592839968210e+01
1.016095613616815818e+01
1.016100605093667220e+01
1.016105567328348869e+01
1.016110500378595560e+01
1.016115404302050251e+01
1.016120279156263884e+01
1.016125124998696272e+01
1.016129941886715571e+01
1.016134729877598630e+01
1.016139489028531351e+01
1.016144219396608506e+01
1.016148921038834096e+01
1.016153594012120998e+01
1.016158238373292022e+01
1.016162854179079034e+01
1.016167441486123657e+01
1.016172000350977456e+01
1.016176530830101754e+01
1.016181032979867993e+01
1.016185506856557730e+01
1.016189952516362638e+01
1.016194370015385218e+01
1.016198759409638264e+01
1.016203120755045219e+01
1.016207454107440533e+01
1.016211759522569480e+01
1.016216037056088339e+01
1.016220286763564751e+01
1.016224508700477713e+01
1.016228702922217586e+01
1.016232869484086265e+01
1.016237008441297363e+01
1.016241119848976560e+01
1.016245203762161253e+01
1.016249260235801088e+01
1.016253289324757780e+01
1.016257291083805647e+01
1.016261265567631433e+01
1.016265212830834486e+01
1.016269132927926755e+01
1.016273025913333150e+01
1.016276891841391539e+01
1.016280730766353102e+01
1.016284542742381980e+01
1.016288327823555804e+01
1.016292086063865874e+01
1.016295817517216804e+01
1.016299522237427233e+01
1.016303200278229468e+01
1.016306851693270019e+01
1.016310476536109419e+01
1.016314074860222405e+01
1.016317646718998091e+01
1.016321192165740150e+01
1.016324711253666990e+01
1.016328204035911575e+01
1.016331670565521783e+01
1.016335110895460581e+01
