2.992988772616169690e-01
3.009742817503935353e-01
3.054491926076359221e-01
3.136352984042425351e-01
3.263709132749569863e-01
3.444265477809727027e-01
3.685100585155192121e-01
3.992714082978079948e-01
4.373070663933780744e-01
4.831640759735296720e-01
5.373438139694014515e-01
6.003054665746260232e-01
6.724692418926268012e-01
7.542193395996337202e-01
8.459066959923513540e-01
9.478515214006173473e-01
1.060345645661771696e+00
1.183654686166865977e+00
1.318020051891956479e+00
1.463660795813752635e+00
1.620142248249472505e+00
1.786559135370535678e+00
1.962075082190587905e+00
2.145917401676554537e+00
2.337372277787337360e+00
2.535780312661358504e+00
2.740532410425272847e+00
2.951065972177099095e+00
3.165726378620662640e+00
3.382989057505248809e+00
3.601449625859182380e+00
3.819814777561330033e+00
4.036893859906371951e+00
4.251591087078986142e+00
4.462898342389432393e+00
4.669888524762687787e+00
4.873143403216630531e+00
5.073881190942631569e+00
5.272529269836964794e+00
5.469222301810460429e+00
5.663987137101445413e+00
5.856811451249039457e+00
6.047669218178191031e+00
6.236530159269469742e+00
6.423363243624237384e+00
6.608137979777297666e+00
6.790824887366111895e+00
6.971395664222026056e+00
7.149823240246673706e+00
7.326081789119338161e+00
7.500146724215287719e+00
7.671994688533653850e+00
7.841603542277798766e+00
8.008952349445898733e+00
8.174021363941072593e+00
8.336792015395365851e+00
8.497246894784922233e+00
8.655369739870161894e+00
8.811145420478606383e+00
8.964559923641907346e+00
9.115600338596314245e+00
9.264254841654922856e+00
9.410512680959627119e+00
9.554364161120483701e+00
9.695800627750083223e+00
9.834814451900376397e+00
9.971399014409330519e+00
1.010554869016467450e+01
1.023725883229187694e+01
1.036652575627342543e+01
1.049334672400636848e+01
1.061771992780495033e+01
1.073964447435511005e+01
1.085912036862747598e+01
1.097614849775540513e+01
1.109074549858986813e+01
1.120293459716758733e+01
1.131272557071935481e+01
1.142012373280580029e+01
1.152513325497368513e+01
1.162775838856440558e+01
1.172800390795643999e+01
1.182587526513350262e+01
1.192137863721788271e+01
1.201452093431853640e+01
1.210530979266847851e+01
1.219375356231468288e+01
1.227986129279840632e+01
1.236364271810391458e+01
1.244510824135275762e+01
1.252426891942369025e+01
1.260113644756818019e+01
1.267572314405051692e+01
1.274804193482631121e+01
1.281810633826745338e+01
1.288593044993941916e+01
1.295152892743594286e+01
1.301491697527570501e+01
1.307611032986543798e+01
1.313512524453375008e+01
1.319197847463984274e+01
1.324668726276118136e+01
1.329926932396409001e+01
1.334974283116113014e+01
1.339812640055903792e+01
1.344443907720088482e+01
1.348870032060602853e+01
1.353092999051133383e+01
1.357114833271703347e+01
1.360937596504050795e+01
1.364563386338116935e+01
1.367994334789953292e+01
1.371232606931347320e+01
1.374280399531455465e+01
1.377139939710724903e+01
1.379813483607373747e+01
1.382303315056692838e+01
1.384611744283420798e+01
1.386741106607435192e+01
1.388693761162996410e+01
1.390472089631766828e+01
1.392078494989823412e+01
1.393515400268871574e+01
1.394785247331857647e+01
1.395890498080057007e+01
1.396833678558444802e+01
1.397617346072611255e+01
1.398244076264304958e+01
1.398716457606713170e+01
1.399037088664703177e+01
1.399208576392080516e+01
1.399233534824455205e+01
1.399114583929652333e+01
1.398854348527341607e+01
1.398455457245137801e+01
1.397920541499052050e+01
1.397252234493831047e+01
1.396453170241553643e+01
1.395525982597906989e+01
1.394473304315945406e+01
1.393297766117276915e+01
1.392001995780668011e+01
1.390588617248071124e+01
1.389060249748079379e+01
1.387419506936810620e+01
1.385668996056217317e+01
1.383811317109811334e+01
1.381849062055789190e+01
1.379784814017535766e+01
1.377621146511478933e+01
1.375360622692262424e+01
1.373005794615197317e+01
1.370559202515948094e+01
1.368023374107404599e+01
1.365400823893682514e+01
1.362694052501194619e+01
1.359905546026726242e+01
1.357037775402443991e+01
1.354093195777764258e+01
1.351074245918000472e+01
1.347983347619705619e+01
1.344822905142619440e+01
1.341595304658129173e+01
1.338302913714144360e+01
1.334948080716284835e+01
1.331533134425276366e+01
1.328060383470443462e+01
1.324532115879185490e+01
1.320950598622320626e+01
1.317318077175174196e+01
1.313636775094289000e+01
1.309908893609628855e+01
1.306136611232143885e+01
1.302322083376565054e+01
1.298467441999287786e+01
1.294574795251207355e+01
1.290646227145359859e+01
1.286683797239225946e+01
1.282689540331545253e+01
1.278665466173493925e+01
1.274613559194068024e+01
1.270535778239519864e+01
1.266434056326687063e+01
1.262310300410054253e+01
1.258166391162385800e+01
1.254004182768763620e+01
1.249825502733865434e+01
1.245632151702313273e+01
1.241425903291924193e+01
1.237208503939691262e+01
1.232981672760320357e+01
1.228747101417151555e+01
1.224506454005286038e+01
1.220261366946743564e+01
1.216013448897472138e+01
1.211764280666029947e+01
1.207515415143760507e+01
1.203268377246278753e+01
1.199024663866087081e+01
1.194785743836138003e+01
1.190553057904160994e+01
1.186328018717568256e+01
1.182112010818756787e+01
1.177906390650619883e+01
1.173712486572084579e+01
1.169531598883488321e+01
1.165364999861610151e+01
1.161213933804169507e+01
1.157079617083607737e+01
1.152963238209965091e+01
1.148865957902669344e+01
1.144788909171047209e+01
1.140733197403376487e+01
1.136699900464290813e+01
1.132690068800353522e+01
1.128704725553615340e+01
1.124744866682972422e+01
1.120811461093139982e+01
1.116905450771058739e+01
1.113027750929553150e+01
1.109179250158056362e+01
1.105360810580224573e+01
1.101573268018256613e+01
1.097817432163742701e+01
1.094094086754860840e+01
1.090403989759744441e+01
1.086747873565844813e+01
1.083126445175111208e+01
1.079540386404815244e+01
1.075990354093845092e+01
1.072476980314296924e+01
1.069000872588193474e+01
1.065562614109157913e+01
1.062162763968875367e+01
1.058801857388174561e+01
1.055480405952562784e+01
1.052198897852050585e+01
1.048957798125100460e+01
1.045757548906540890e+01
1.042598569679282328e+01
1.039481257529678082e+01
1.036405987406371842e+01
1.033373112382475689e+01
1.030382963920925832e+01
1.027435852142861528e+01
1.024532066098877969e+01
1.021671874043002326e+01
1.018855523709246569e+01
1.016083242590590885e+01
1.013355238220252197e+01
1.010671698455098166e+01
1.008032791761063685e+01
1.005438667500431471e+01
1.002889456220841602e+01
1.000385269945891942e+01
9.979262024671987419e+00
9.955123296377847097e+00
9.931437096666652309e+00
9.908203834145053790e+00
9.885423746902212372e+00
9.863096905484026067e+00
9.841223215874354224e+00
9.819802422482021953e+00
9.798834111132441294e+00
9.778317712062685629e+00
9.758252502918869808e+00
9.738637611754725754e+00
9.719472020030254455e+00
9.700754565609386759e+00
9.682483945755596011e+00
9.664658720124394975e+00
9.647277313751722261e+00
9.630338020037198632e+00
9.613839003721277976e+00
9.597778303855324822e+00
9.582153836763678711e+00
9.566963398996783496e+00
9.552204670274466736e+00
9.537875216418505886e+00
9.523972492273600210e+00
9.510493844615902859e+00
9.497436515048304884e+00
9.484797642881648727e+00
9.472574268001094921e+00
9.460763333716872836e+00
9.449361689598671177e+00
9.438366094292929276e+00
9.427773218322343496e+00
9.417579646866874654e+00
9.407781882525602768e+00
9.398376348058773644e+00
9.389359389109399601e+00
9.380727276903806811e+00
9.372476210930532403e+00
9.364602321596995793e+00
9.357101672863379349e+00
9.349970264853190827e+00
9.343204036439969329e+00
9.336798867809649849e+00
9.330750582998080134e+00
9.325054952403236896e+00
9.319707695271684855e+00
9.314704482158841614e+00
9.310040937362638047e+00
9.305712641330165624e+00
9.301715133036948302e+00
9.298043912338441075e+00
9.294694442293440773e+00
9.291662151459052055e+00
9.288942436156895965e+00
9.286530662710273276e+00
9.284422169651987744e+00
9.282612269902555724e+00
9.281096252918556999e+00
9.279869386810894127e+00
9.278926920432716940e+00
9.278264085436823905e+00
9.277876098302343166e+00
9.277758162330499658e+00
9.277905469609326161e+00
9.278313202947151339e+00
9.278976537774735078e+00
9.279890644015926782e+00
9.281050687926736487e+00
9.282451833902728211e+00
9.284089246254648486e+00
9.285958090952213695e+00
9.288053537336018906e+00
9.290370759797498934e+00
9.292904939426934519e+00
9.295651265629455651e+00
9.298604937709063378e+00
9.301761166420648763e+00
9.305115175490042745e+00
9.308662203102105792e+00
9.312397503356912409e+00
9.316316347694060696e+00
9.320414026285185116e+00
9.324685849394720449e+00
9.329127148709011053e+00
9.333733278633854269e+00
9.338499617560566790e+00
9.343421569100691215e+00
9.348494563289463599e+00
9.353714057758150346e+00
9.359075538875423206e+00
9.364574522857880723e+00
9.370206556849895563e+00
9.375967219972938693e+00
9.381852124344550958e+00
9.387856916067141455e+00
9.393977276186797454e+00
9.400208921622295932e+00
9.406547606064515676e+00
9.412989120846468438e+00
9.419529295784149880e+00
9.426163999988437681e+00
9.432889142648253511e+00
9.439700673785248242e+00
9.446594584980211096e+00
9.453566910071486973e+00
9.460613725825627540e+00
9.467731152580537213e+00
9.474915354861387584e+00
9.482162541969547220e+00
9.489468968544825245e+00
9.496830935101273852e+00
9.504244788536857058e+00
9.511706922617259252e+00
9.519213778434124862e+00
9.526761844838025795e+00
9.534347658846442641e+00
9.541967806027084720e+00
9.549618920856826065e+00
9.557297687056584223e+00
9.565000837902447373e+00
9.572725156513360645e+00
9.580467476115696712e+00
9.588224680285014401e+00
9.595993703165353494e+00
9.603771529666362383e+00
9.611555195638601390e+00
9.619341788027348628e+00
9.627128445005231683e+00
9.634912356084027962e+00
9.642690762205957000e+00
9.650460955814807562e+00
9.658220280907228172e+00
9.665966133064525678e+00
9.673695959465311134e+00
9.681407258879319855e+00
9.689097581642760915e+00
9.696764529615528261e+00
9.704405756120616289e+00
9.712018965866079157e+00
9.719601914849878455e+00
9.727152410247954961e+00
9.734668310285877979e+00
9.742147524094397326e+00
9.749588011549247923e+00
9.756987783095549815e+00
9.764344899557134028e+00
9.771657471931145977e+00
9.778923661168249737e+00
9.786141677938783090e+00
9.793309782385197337e+00
9.800426283861106924e+00
9.807489540657300608e+00
9.814497959715032138e+00
9.821449996326931497e+00
9.828344153825858243e+00
9.835178983262029107e+00
9.841953083068755603e+00
9.848665098717098942e+00
9.855313722359779760e+00
9.861897692464657084e+00
9.868415793438098049e+00
9.874866855238554564e+00
9.881249752980664880e+00
9.887563406530185617e+00
9.893806780090073971e+00
9.899978881778018547e+00
9.906078763195731440e+00
9.912105518990308894e+00
9.918058286407939406e+00
9.923936244840289689e+00
9.929738615363833176e+00
9.935464660272433690e+00
9.941113682603461399e+00
9.946685025657741264e+00
9.952178072513600426e+00
9.957592245535309416e+00
9.962927005876188957e+00
9.968181852976661261e+00
9.973356324057506939e+00
9.978449993608609958e+00
9.983462472873451787e+00
9.988393409329605177e+00
9.993242486165501148e+00
9.998009421753719650e+00
1.000269396912105790e+01
1.000729591541561625e+01
1.001181508137115728e+01
1.001625132076897629e+01
1.002060451989752465e+01
1.002487459701001171e+01
1.002906150178023026e+01
1.003316521475682421e+01
1.003718574681622222e+01
1.004112313861446637e+01
1.004497746003814918e+01
1.004874880965466843e+01
1.005243731416201314e+01
1.005604312783829357e+01
1.005956643199120926e+01
1.006300743440765721e+01
1.006636636880367774e+01
1.006964349427492955e+01
1.007283909474788253e+01
1.007595347843191114e+01
1.007898697727247139e+01
1.008193994640554259e+01
1.008481276361349721e+01
1.008760582878258028e+01
1.009031956336216318e+01
1.009295440982592673e+01
1.009551083113514025e+01
1.009798931020419310e+01
1.010039034936852964e+01
1.010271446985512434e+01
1.010496221125567118e+01
1.010713413100259217e+01
1.010923080384803185e+01
1.011125282134596048e+01
1.011320079133751193e+01
1.011507533743969489e+01
1.011687709853759465e+01
1.011860672828018082e+01
1.012026489457985257e+01
1.012185227911582075e+01
1.012336957684143890e+01
1.012481749549560028e+01
1.012619675511828987e+01
1.012750808757040488e+01
1.012875223605792385e+01
1.012992995466053792e+01
1.013104200786481179e+01
1.013208917010198640e+01
1.013307222529047813e+01
1.013399196638318323e+01
1.013484919491964042e+01
1.013564472058314259e+01
1.013637936076286294e+01
1.013705394012105820e+01
1.013766929016541951e+01
1.013822624882663348e+01
1.013872566004120657e+01
1.013916837333961674e+01
1.013955524343983683e+01
1.013988712984628116e+01
1.014016489645423214e+01
1.014038941115977721e+01
1.014056154547530397e+01
1.014068217415059969e+01
1.014075217479957480e+01
1.014077242753265651e+01
1.014074381459488627e+01
1.014066722000973009e+01
1.014054352922865299e+01
1.014037362878645787e+01
1.014015840596242235e+01
1.013989874844725136e+01
1.013959554401585628e+01
1.013924968020597106e+01
1.013886204400262869e+01
1.013843352152849775e+01
1.013796499774007920e+01
1.013745735612978649e+01
1.013691147843389118e+01
1.013632824434634649e+01
1.013570853123847826e+01
1.013505321388454661e+01
1.013436316419317151e+01
1.013363925094459894e+01
1.013288233953382012e+01
1.013209329171952078e+01
1.013127296537883382e+01
1.013042221426790412e+01
1.012954188778822839e+01
1.012863283075876275e+01
1.012769588319376268e+01
1.012673188008634639e+01
1.012574165119775138e+01
1.012472602085225581e+01
1.012368580773774340e+01
1.012262182471186911e+01
1.012153487861381684e+01
1.012042577008158872e+01
1.011929529337482059e+01
1.011814423620306691e+01
1.011697337955953202e+01
1.011578349756020501e+01
1.011457535728835033e+01
1.011334971864433818e+01
1.011210733420074526e+01
1.011084894906269938e+01
1.010957530073342525e+01
1.010828711898493637e+01
1.010698512573383390e+01
1.010567003492216820e+01
1.010434255240330970e+01
1.010300337583277752e+01
1.010165319456398869e+01
1.010029268954886561e+01
1.009892253324325395e+01
1.009754338951709762e+01
1.009615591356932462e+01
1.009476075184737809e+01
1.009335854197134807e+01
1.009194991266264374e+01
1.009053548367715436e+01
1.008911586574283525e+01
1.008769166050167065e+01
1.008626346045595312e+01
1.008483184891881379e+01
1.008339739996895545e+01
1.008196067840952459e+01
1.008052223973106543e+01
1.007908263007848859e+01
1.007764238622200459e+01
1.007620203553195459e+01
1.007476209595748173e+01
1.007332307600897714e+01
1.007188547474423856e+01
1.007044978175829542e+01
1.006901647717680959e+01
1.006758603165302013e+01
1.006615890636814470e+01
1.006473555303519518e+01
1.006331641390613285e+01
1.006190192178230092e+01
1.006049250002808293e+01
1.005908856258770712e+01
1.005769051400514691e+01
1.005629874944705371e+01
1.005491365472865439e+01
1.005353560634254961e+01
1.005216497149036492e+01
1.005080210811716768e+01
1.004944736494861068e+01
1.004810108153073323e+01
1.004676358827234495e+01
1.004543520648994637e+01
1.004411624845512563e+01
1.004280701744435333e+01
1.004150780779112750e+01
1.004021890494041180e+01
1.003894058550529067e+01
1.003767311732579515e+01
1.003641675952982659e+01
1.003517176259613919e+01
1.003393836841929421e+01
1.003271681037655227e+01
1.003150731339662904e+01
1.003031009403026097e+01
1.002912536052252079e+01
1.002795331288683833e+01
1.002679414298064486e+01
1.002564803458260734e+01
1.002451516347138671e+01
1.002339569750586179e+01
1.002228979670677056e+01
1.002119761333970871e+01
1.002011929199943019e+01
1.001905496969540543e+01
1.001800477593856975e+01
1.001696883282922279e+01
1.001594725514601691e+01
1.001494015043598829e+01
1.001394761910557740e+01
1.001296975451258575e+01
1.001200664305903132e+01
1.001105836428483009e+01
1.001012499096228048e+01
1.000920658919128670e+01
1.000830321849527493e+01
1.000741493191776144e+01
1.000654177611951745e+01
1.000568379147629905e+01
1.000484101217707611e+01
1.000401346632273736e+01
1.000320117602521108e+01
1.000240415750696954e+01
1.000162242120086553e+01
1.000085597185026920e+01
1.000010480860944817e+01
9.999368925144171527e+00
9.998648309732475425e+00
9.997942945365570822e+00
9.997252809848838240e+00
9.996577875902882937e+00
9.995918111264602501e+00
9.995273478788243793e+00
9.994643936546404817e+00
9.994029437930940674e+00
9.993429931753750495e+00
9.992845362347404503e+00
9.992275669665577453e+00
9.991720789383260026e+00
9.991180652996714429e+00
9.990655187923136893e+00
9.990144317600007540e+00
9.989647961584083191e+00
9.989166035650020703e+00
9.988698451888588181e+00
9.988245118804442768e+00
9.987805941413444799e+00
9.987380821339481685e+00
9.986969656910780202e+00
9.986572343255669892e+00
9.986188772397794011e+00
9.985818833350718293e+00
9.985462412211928651e+00
9.985119392256201820e+00
9.984789654028300987e+00
9.984473075435010614e+00
9.984169531836455391e+00
9.983878896136705094e+00
9.983601038873633371e+00
9.983335828308023352e+00
9.983083130511889891e+00
9.982842809456005995e+00
9.982614727096615681e+00
9.982398743461319057e+00
9.982194716734106521e+00
9.982002503339536759e+00
9.981821958026030117e+00
9.981652933948280904e+00
9.981495282748758413e+00
9.981348854638291357e+00
9.981213498475723256e+00
9.981089061846622812e+00
9.980975391141047481e+00
9.980872331630331828e+00
9.980779727542909541e+00
9.980697422139147790e+00
9.980625257785185056e+00
9.980563076025768865e+00
9.980510717656080999e+00
9.980468022792550187e+00
9.980434830942623847e+00
9.980410981073521981e+00
9.980396311679946564e+00
9.980390660850741114e+00
9.980393866334511088e+00
9.980405765604178470e+00
9.980426195920481192e+00
9.980454994394413859e+00
9.980491998048597324e+00
9.980537043877577119e+00
9.980589968907052523e+00
9.980650610252036259e+00
9.980718805173927066e+00
9.980794391136516452e+00
9.980877205860910095e+00
9.980967087379374547e+00
9.981063874088105692e+00
9.981167404798915399e+00
9.981277518789847036e+00
9.981394055854707403e+00
9.981516856351529299e+00
9.981645761249961168e+00
9.981780612177583833e+00
9.981921251465156075e+00
9.982067522190805064e+00
9.982219268223140318e+00
9.982376334263323159e+00
9.982538565886068582e+00
9.982705809579609735e+00
9.982877912784603680e+00
9.983054723932001551e+00
9.983236092479886636e+00
9.983421868949273303e+00
9.983611904958882732e+00
9.983806053258902580e+00
9.984004167763730564e+00
9.984206103583710856e+00
9.984411717055870383e+00
9.984620865773663922e+00
9.984833408615726213e+00
9.985049205773652403e+00
9.985268118778805047e+00
9.985490010528151217e+00
9.985714745309156370e+00
9.985942188823717203e+00
9.986172208211160140e+00
9.986404672070317901e+00
9.986639450480668145e+00
9.986876415022573283e+00
9.987115438796605460e+00
9.987356396441988693e+00
9.987599164154143949e+00
9.987843619701367359e+00
9.988089642440634464e+00
9.988337113332558914e+00
9.988585914955496747e+00
9.988835931518813993e+00
9.989087048875335384e+00
9.989339154532972387e+00
9.989592137665546545e+00
9.989845889122822342e+00
9.990100301439751362e+00
9.990355268844943737e+00
9.990610687268381085e+00
9.990866454348378056e+00
9.991122469437794251e+00
9.991378633609532045e+00
9.991634849661302553e+00
9.991891022119691712e+00
9.992147057243530028e+00
9.992402863026573101e+00
9.992658349199517787e+00
9.992913427231345125e+00
9.993168010330023776e+00
9.993422013442565088e+00
9.993675353254456439e+00
9.993927948188478183e+00
9.994179718402913082e+00
9.994430585789162436e+00
9.994680473968786671e+00
9.994929308289963288e+00
9.995177015823403011e+00
9.995423525357702843e+00
9.995668767394175092e+00
9.995912674141143484e+00
9.996155179507733024e+00
9.996396219097153590e+00
9.996635730199500358e+00
9.996873651784069281e+00
9.997109924491203614e+00
9.997344490623696345e+00
9.997577294137732551e+00
9.997808280633412537e+00
9.998037397344845090e+00
9.998264593129826849e+00
9.998489818459130873e+00
9.998713025405402632e+00
9.998934167631672310e+00
9.999153200379508277e+00
9.999370080456811749e+00
9.999584766225265042e+00
9.999797217587444109e+00
1.000000739597361132e+01
1.000021526432819385e+01
1.000042078709595117e+01
1.000062393020786367e+01
1.000082466106672996e+01
1.000102294853249418e+01
1.000121876290731215e+01
1.000141207592036530e+01
1.000160286071243654e+01
1.000179109182024639e+01
1.000197674516057589e+01
1.000215979801417099e+01
1.000234022900944986e+01
1.000251801810600938e+01
1.000269314657795938e+01
1.000286559699706856e+01
1.000303535321575588e+01
1.000320240034992203e+01
1.000336672476163535e+01
1.000352831404167375e+01
1.000368715699194588e+01
1.000384324360778443e+01
1.000399656506013280e+01
1.000414711367762344e+01
1.000429488292856028e+01
1.000443986740281765e+01
1.000458206279365925e+01
1.000472146587948252e+01
1.000485807450550446e+01
1.000499188756538516e+01
1.000512290498281232e+01
1.000525112769303426e+01
1.000537655762437161e+01
1.000549919767969342e+01
1.000561905171788091e+01
1.000573612453527339e+01
1.000585042184711604e+01
1.000596195026900403e+01
1.000607071729833919e+01
1.000617673129579899e+01
1.000628000146683050e+01
1.000638053784316384e+01
1.000647835126437357e+01
1.000657345335946502e+01
1.000666585652851737e+01
1.000675557392437298e+01
1.000684261943438713e+01
1.000692700766223631e+01
1.000700875390980116e+01
1.000708787415911694e+01
1.000716438505440564e+01
1.000723830388419344e+01
1.000730964856351513e+01
1.000737843761620915e+01
1.000744469015731752e+01
1.000750842587558331e+01
1.000756966501605838e+01
1.000762842836282118e+01
1.000768473722181362e+01
1.000773861340379156e+01
1.000779007920740504e+01
1.000783915740240637e+01
1.000788587121298434e+01
1.000793024430124056e+01
1.000797230075080080e+01
1.000801206505056840e+01
1.000804956207862517e+01
1.000808481708627795e+01
1.000811785568226142e+01
1.000814870381709198e+01
1.000817738776757970e+01
1.000820393412150189e+01
1.000822836976244190e+01
1.000825072185478604e+01
1.000827101782889628e+01
1.000828928536644824e+01
1.000830555238594499e+01
1.000831984702840494e+01
1.000833219764322379e+01
1.000834263277421776e+01
1.000835118114584610e+01
1.000835787164961843e+01
1.000836273333067794e+01
1.000836579537458171e+01
1.000836708709425693e+01
1.000836663791715431e+01
1.000836447737258261e+01
1.000836063507924045e+01
1.000835514073293275e+01
1.000834802409448798e+01
1.000833931497786189e+01
1.000832904323844019e+01
1.000831723876153490e+01
1.000830393145107244e+01
1.000828915121848617e+01
1.000827292797179524e+01
1.000825529160489147e+01
1.000823627198701615e+01
1.000821589895243591e+01
1.000819420229031920e+01
1.000817121173480828e+01
1.000814695695528833e+01
1.000812146754685728e+01
1.000809477302099104e+01
1.000806690279641131e+01
1.000803788619013979e+01
1.000800775240876384e+01
1.000797653053988512e+01
1.000794424954377781e+01
1.000791093824522981e+01
1.000787662532558464e+01
1.000784133931498410e+01
1.000780510858479211e+01
1.000776796134022106e+01
1.000772992561314823e+01
1.000769102925512044e+01
1.000765129993055425e+01
1.000761076511011893e+01
1.000756945206431858e+01
1.000752738785724816e+01
1.000748459934054857e+01
1.000744111314753582e+01
1.000739695568752197e+01
1.000735215314031734e+01
1.000730673145091032e+01
1.000726071632433190e+01
1.000721413322069431e+01
1.000716700735041087e+01
1.000711936366958987e+01
1.000707122687560258e+01
1.000702262140282706e+01
1.000697357141855370e+01
1.000692410081907724e+01
1.000687423322593617e+01
1.000682399198233341e+01
1.000677340014972039e+01
1.000672248050453739e+01
1.000667125553511561e+01
1.000661974743874438e+01
1.000656797811889476e+01
1.000651596918259401e+01
1.000646374193795651e+01
1.000641131739186740e+01
1.000635871624782069e+01
1.000630595890389074e+01
1.000625306545087057e+01
1.000620005567053994e+01
1.000614694903407553e+01
1.000609376470061385e+01
1.000604052151593670e+01
1.000598723801130774e+01
1.000593393240243323e+01
1.000588062258855437e+01
1.000582732615168169e+01
1.000577406035594485e+01
1.000572084214707225e+01
1.000566768815199836e+01
1.000561461467859026e+01
1.000556163771549478e+01
1.000550877293210128e+01
1.000545603567862329e+01
1.000540344098628864e+01
1.000535100356765028e+01
1.000529873781699486e+01
1.000524665781087030e+01
1.000519477730870754e+01
1.000514310975355237e+01
1.000509166827289675e+01
1.000504046567960614e+01
1.000498951447294971e+01
1.000493882683971769e+01
1.000488841465543466e+01
1.000483828948566511e+01
1.000478846258740440e+01
1.000473894491055482e+01
1.000468974709949244e+01
1.000464087949470837e+01
1.000459235213453368e+01
1.000454417475693880e+01
1.000449635680141647e+01
1.000444890741093040e+01
1.000440183543394213e+01
1.000435514942649995e+01
1.000430885765440259e+01
1.000426296809542848e+01
1.000421748844162373e+01
1.000417242610165580e+01
1.000412778820322757e+01
1.000408358159554467e+01
1.000403981285184329e+01
1.000399648827197474e+01
1.000395361388503446e+01
1.000391119545204432e+01
1.000386923846868648e+01
1.000382774816808151e+01
1.000378672952361114e+01
1.000374618725178344e+01
1.000370612581514074e+01
1.000366654942520661e+01
1.000362746204546660e+01
1.000358886739439335e+01
1.000355076894849482e+01
1.000351316994540340e+01
1.000347607338699341e+01
1.000343948204252520e+01
1.000340339845181958e+01
1.000336782492845700e+01
